1	2	9	8
2	3	10	9
3	4	11	10
4	5	12	11
5	6	13	12
6	7	14	13
8	9	16	15
9	10	17	16
10	11	18	17
11	12	19	18
12	13	20	19
13	14	21	20
15	16	23	22
16	17	24	23
17	18	25	24
18	19	26	25
19	20	27	26
20	21	28	27
22	23	30	29
23	24	31	30
24	25	32	31
25	26	33	32
26	27	34	33
27	28	35	34
29	30	37	36
30	31	38	37
31	32	39	38
32	33	40	39
33	34	41	40
34	35	42	41
36	37	44	43
37	38	45	44
38	39	46	45
39	40	47	46
40	41	48	47
41	42	49	48
43	44	51	50
44	45	52	51
45	46	53	52
46	47	54	53
47	48	55	54
48	49	56	55
50	51	58	57
51	52	59      58
52	53	60      59
53	54	61      60
54	55	62      61
55	56	63      62
57	58	65      64
58	59	66      65
59	60	67      66
60	61	68      67
61	62	69      68
62	63	70      69
64	65	72      71
65	66	73      72
66	67	74      73
67	68	75      74
68	69	76      75
69	70	77      76
71	72	79      78
72	73	80      79
73	74	81      80
74	75	82      81
75	76	83      82
76	77	84      83
78	79	86      85
79	80	87      86
80	81	88      87
81	82	89      88
82	83	90      89
83	84	91      90
85	86	93      92
86	87	94      93
87	88	95      94
88	89	96      95
89	90	97      96
90	91	98      97
92	93	100     99
93	94	101     100
94	95	102     101
95	96	103     102
96	97	104     103
97	98	105     104
99	100	107     106
100	101	108     107
101	102	109     108
102	103	110     109
103	104	111     110
104	105	112     111
106	107	114     113
107	108	115     114
108	109	116     115
109	110	117     116
110	111	118     117
111	112	119     118
113	114	121     120
114	115	122     121
115	116	123     122
116	117	124     123
117	118	125     124
118	119	126     125
120	121	128     127
121	122	129     128
122	123	130     129
123	124	131     130
124	125	132     131
125	126	133     132
ENDDATA