 12      13      23      11
 11      23      24      10
 13      14      25      23
    64     105      62      63
   106      42      43      44
   105     107      61      62
   108     106      44      45
    65     109     105      64
   110      41      42     106
   107     112      60      61
   113     108      45      46
   109     114     107     105
   115     110     106     108
   118      40      41     110
   109      65     111     116
    66     117     111      65
   112     119      59      60
   120     113      46      47
   114     121     112     107
   122     115     108     113
   114     109     116     123
   125     118     110     115
   124     116     111     117
   117      66      67     126
   127      39      40     118
   119     129      58      59
   128     120      47      48
   121     130     119     112
   131     122     113     120
   121     114     123     133
   132     128      48      49
   129     134      57      58
   136     125     115     122
   123     116     124     135
   124     117     126     137
   138     127     118     125
    67      68     139     126
   140      38      39     127
   130     144     129     119
   142     132      49      50
   143     131     120     128
    56      57     134     146
   133     148     130     121
   150     136     122     131
   147     142      50      51
    54      55     141     145
   133     123     135     152
    55      56     146     154
   135     124     137     153
   156     138     125     136
    53      54     145     149
   126     139     158     137
   155     143     128     132
    52      53     149     151
   157      51      52     151
   161     140     127     138
   144     159     134     129
   160     139      68      69
   162      37      38     140
   154     163     141      55
   144     130     148     165
   166     150     131     143
   167     155     132     142
   152     168     148     133
   184     147      51     157
   164     145     141     163
   146     134     159     173
   169     156     136     150
   152     135     153     170
   137     158     175     153
   177     161     138     156
   176     158     139     160
   149     145     164     171
   174     167     142     147
   180     160      69      70
   181     162     140     161
   183      36      37     162
   182     166     143     155
   159     144     165     186
   151     149     171     178
   151     172     185     157
   154     146     173     191
   165     148     168     189
   190     169     150     166
   154     191     179     163
   187     164     163     179
   170     192     168     152
   193     182     155     167
   196     172     151     178
   153     175     194     170
   195     177     156     169
   157     185     188     184
   197     175     158     176
   174     147     184     210
   199     176     160     180
   173     159     186     201
   200     181     161     177
    70      71     202     180
   203     183     162     181
   171     164     187     198
   204      35      36     183
   205     193     167     174
   188     185     172     196
   206     190     166     182
   186     165     189     209
   178     171     198     208
   207     187     179     191
   189     168     192     211
   212     195     169     190
   170     194     213     192
   184     188     196     214
   191     173     201     215
   216     194     175     197
   217     200     177     195
   218     197     176     199
   219     206     182     193
   180     202     220     199
   221     203     181     200
   222     202      71      72
   224     204     183     203
   225      34      35     204
   178     208     227     196
   198     187     207     223
   201     186     209     226
   235     205     174     210
   228     212     190     206
   209     189     211     230
   184     214     235     210
   215     231     207     191
   229     219     193     205
   192     213     234     211
   208     198     223     233
   236     213     194     216
   237     217     195     212
   238     216     197     218
   199     220     239     218
   240     221     200     217
   196     227     248     214
   215     201     226     241
   242     220     202     222
   243     224     203     221
   244     222      72      73
   245     225     204     224
   246      33      34     225
   247     228     206     219
   231     250     223     207
   226     209     232     249
   254     227     208     233
   230     251     232     209
   235     261     229     205
   211     234     253     230
   252     237     212     228
   255     234     213     236
   241     258     231     215
   257     236     216     238
   256     247     219     229
   259     240     217     237
   218     239     260     238
   214     248     271     235
   263     239     220     242
   264     243     221     240
   233     223     250     262
   265     242     222     244
   266     245     224     243
   267     244      73      74
   268     246     225     245
   269      32      33     246
   241     226     249     270
   272     252     228     247
   275     248     227     254
   273     249     232     251
   230     253     274     251
   258     279     250     231
   234     255     276     253
   278     259     237     252
   280     255     236     257
   284     254     233     262
   256     229     261     293
   238     260     281     257
   282     264     240     259
   283     260     239     263
   270     288     258     241
   285     263     242     265
   287     266     243     264
   289     265     244     267
   271     296     261     235
   286     272     247     256
   291     268     245     266
   290     267      74      75
   292     269     246     268
    30      31      32     269
   270     249     273     295
   262     250     277     294
   248     275     301     271
   251     274     297     273
   298     278     252     272
   253     276     299     274
   279     300     277     250
   302     276     255     280
   257     281     303     280
   310     275     254     284
   304     282     259     278
   288     306     279     258
   305     281     260     283
   307     283     263     285
   308     287     264     282
   309     285     265     289
   286     256     293     318
   311     291     266     287
   312     289     267     290
   315     284     262     294
   313     290      75      76
   314     292     268     291
    29      30     269     292
   295     316     288     270
   293     261     296     320
   317     298     272     286
   273     297     319     295
   301     325     296     271
   321     294     277     300
   274     299     322     297
   323     299     276     302
   324     304     278     298
   280     303     326     302
   306     328     300     279
   275     310     334     301
   327     303     281     305
   329     308     282     304
   330     305     283     307
   331     307     285     309
   332     311     287     308
   333     309     289     312
   335     312     290     313
   336     314     291     311
   316     338     306     288
   339     310     284     315
   337     313      76      77
    28      29     292     314
   317     286     318     344
   295     319     340     316
   342     315     294     321
   318     293     320     346
   297     322     341     319
   343     324     298     317
   345     322     299     323
   320     296     325     350
   328     348     321     300
   302     326     347     323
   303     327     349     326
   351     329     304     324
   352     327     305     330
   334     357     325     301
   353     330     307     331
   354     332     308     329
   338     358     328     306
   355     331     309     333
   356     333     312     335
   359     336     311     332
   360     335     313     337
    27      28     314     336
    77      78     361     337
   362     334     310     339
   316     340     363     338
   365     339     315     342
   319     341     364     340
   343     317     344     368
   322     345     366     341
   344     318     346     371
   370     342     321     348
   323     347     367     345
   369     351     324     343
   346     320     350     374
   326     349     372     347
   373     349     327     352
   376     354     329     351
   375     352     330     353
   350     325     357     382
   358     378     348     328
   377     353     331     355
   379     355     333     356
   380     359     332     354
   381     356     335     360
   337     361     383     360
    26      27     336     359
   384     361      78      79
   386     357     334     362
   338     363     385     358
   340     364     387     363
   388     362     339     365
   341     366     389     364
   391     365     342     370
   345     367     390     366
   369     343     368     394
   368     344     371     395
   347     372     392     367
   393     372     349     373
   374     399     371     346
   396     376     351     369
   398     370     348     378
   397     373     352     375
   400     375     353     377
   374     350     382     405
   402     380     354     376
   401     377     355     379
   403     379     356     381
   358     385     406     378
   360     383     404     381
    25      26     359     380
   407     383     361     384
    81     384      79      80
   408     382     357     386
   363     387     409     385
   410     386     362     388
   364     389     411     387
   366     390     412     389
   413     388     365     391
   367     392     414     390
   415     392     372     393
   417     391     370     398
   394     368     395     418
   396     369     394     419
   416     393     373     397
   399     421     395     371
   420     397     375     400
   423     402     376     396
   422     400     377     401
   405     427     399     374
   378     406     425     398
   424     401     379     403
   381     404     426     403
    24      25     380     402
   428     404     383     407
    82     407     384      81
   430     405     382     408
   429     406     385     409
   432     408     386     410
   387     411     431     409
   389     412     433     411
   434     410     388     413
   390     414     435     412
   392     415     436     414
   437     413     391     417
   438     415     393     416
   439     416     397     420
   419     394     418     441
   418     395     421     443
   423     396     419     445
   398     425     442     417
   440     420     400     422
   444     422     401     424
   427     448     421     399
   403     426     446     424
    23      24     402     423
   447     426     404     428
    83     428     407      82
   449     425     406     429
   450     427     405     430
   451     429     409     431
   452     430     408     432
   411     433     453     431
   454     432     410     434
   412     435     455     433
   414     436     456     435
   457     434     413     437
   458     436     415     438
   459     438     416     439
   417     442     460     437
   461     439     420     440
   441     418     443     463
   462     440     422     444
   445     419     441     464
   424     446     465     444
   443     421     448     468
    23     423     445      22
   467     442     425     449
   466     446     426     447
    84     447     428      83
   469     448     427     450
   470     449     429     451
   471     450     430     452
   431     453     472     451
   473     452     432     454
   433     455     474     453
   476     454     434     457
   435     456     475     455
   477     456     436     458
   478     458     438     459
   437     460     479     457
   480     459     439     461
   481     461     440     462
   483     460     442     467
   444     465     482     462
   464     441     463     484
   485     465     446     466
   463     443     468     486
    22     445     464      21
    85     466     447      84
   487     468     448     469
   488     467     449     470
   489     469     450     471
   451     472     491     470
   490     471     452     473
   492     472     453     474
   493     473     454     476
   455     475     494     474
   495     475     456     477
   457     479     497     476
   496     477     458     478
   498     478     459     480
   499     480     461     481
   502     479     460     483
   462     482     500     481
   465     485     503     482
    21     464     484      20
   484     463     486     504
    86     485     466      85
   505     486     468     487
   507     483     467     488
   506     487     469     489
   508     489     471     490
   470     491     509     488
   511     491     472     492
   510     490     473     493
   476     497     501     493
   512     492     474     494
   513     494     475     495
   514     495     477     496
   516     496     478     498
   517     498     480     499
   519     497     479     502
   481     500     518     499
   482     503     520     500
   485      86      87     503
    20     484     504      19
   521     504     486     505
   524     502     483     507
   522     505     487     506
   510     493     501     515
   525     506     489     508
   488     509     526     507
   527     508     490     510
   528     509     491     511
   523     515     501     497
   529     511     492     512
   530     512     494     513
   531     513     495     514
   532     514     496     516
   533     516     498     517
   499     518     534     517
   500     520     536     518
   540     523     497     519
   503      87      88     520
   538     519     502     524
    18      19     504     521
   537     521     505     522
   535     527     510     515
   539     522     506     525
   507     526     542     524
   541     525     508     527
   543     526     509     528
   545     528     511     529
   546     529     512     530
   544     535     515     523
   547     530     513     531
   548     531     514     532
   549     532     516     533
   517     534     550     533
   518     536     551     534
   520      88      89     536
    17      18     521     537
   553     537     522     539
   555     540     519     538
   552     541     527     535
   554     539     525     541
   524     542     556     538
   557     544     523     540
   558     542     526     543
   559     543     528     545
   560     545     529     546
   561     546     530     547
   562     547     531     548
   563     548     532     549
   533     550     564     549
   565     552     535     544
   566     550     534     551
   536      89      90     551
    16      17     537     553
   568     553     539     554
   567     554     541     552
   538     556     570     555
   569     557     540     555
   571     556     542     558
   572     558     543     559
   573     559     545     560
   575     565     544     557
   574     560     546     561
   576     561     547     562
   577     562     548     563
   549     564     578     563
   580     564     550     566
    91     566     551      90
   579     567     552     565
    15      16     553     568
   581     568     554     567
   555     570     582     569
   584     570     556     571
   583     575     557     569
   585     571     558     572
   586     572     559     573
   587     573     560     574
   588     574     561     576
   589     576     562     577
   563     578     591     577
   590     579     565     575
   592     578     564     580
    92     580     566      91
   593     581     567     579
    14      15     568     581
   569     582     594     583
   595     582     570     584
   598     584     571     585
   596     590     575     583
   597     585     572     586
   599     586     573     587
   600     587     574     588
   601     588     576     589
   577     591     602     589
   604     591     578     592
   603     593     579     590
    93     592     580      92
    13      14     581     593
   605     594     582     595
   583     594     606     596
   609     595     584     598
   607     598     585     597
   608     597     586     599
   610     599     587     600
   611     600     588     601
   612     603     590     596
   589     602     613     601
   614     602     591     604
    94     604     592      93
    12      13     593     603
   618     606     594     605
   619     605     595     609
   615     607     597     608
   616     609     598     607
   617     608     599     610
   596     606     621     612
   620     610     600     611
   601     613     622     611
   623     613     602     614
    11      12     603     612
    95     614     604      94
   624     616     607     615
   625     615     608     617
   628     618     605     619
   626     619     609     616
   627     617     610     620
   630     621     606     618
   611     622     629     620
   631     622     613     623
   612     621      10      11
    96     623     614      95
   632     624     615     625
   633     626     616     624
   634     625     617     627
   635     628     619     626
   620     629     636     627
   637     630     618     628
   638     629     622     631
   621     630       9      10
    97     631     623      96
   639     633     624     632
   640     632     625     634
   641     635     626     633
   627     636     642     634
   643     637     628     635
   644     636     629     638
   630     637       8       9
    98     638     631      97
   645     639     632     640
   646     641     633     639
   634     642     647     640
   648     643     635     641
   649     642     636     644
     7       8     637     643
    99     644     638      98
   650     646     639     645
   640     647     651     645
   652     648     641     646
   653     647     642     649
     6       7     643     648
   100     649     644      99
   645     651     654     650
   655     652     646     650
   656     651     647     653
     5       6     648     652
   101     653     649     100
   650     654     657     655
   658     654     651     656
     4       5     652     655
   102     656     653     101
   659     657     654     658
   655     657       3       4
   103     658     656     102
     2       3     657     659
   104     659     658     103
     1       2     659     104
   702     704     705     701
   701     705      62      61
   704     689     690     705
   705     690      63      62
   683     684     706     703
   703     706     704     702
   687     707     685     686
   707     706     684     685
   706     707     708     704
   689     704     708     688
   687     688     708     707
   699     709     711     698
   698     711      59      58
   709     710     712     711
   711     712      60      59
   710     702     701     712
   712     701      61      60
   680     681     713     700
   700     713     709     699
   703     714     682     683
   714     713     681     682
   702     710     714     703
   710     709     713     714
   716     719     720     715
   715     720      57      56
   719     699     698     720
   720     698      58      57
   677     678     721     718
   718     721     722     717
   717     722     719     716
   700     723     679     680
   723     721     678     679
   719     722     724     699
   700     699     724     723
   722     721     723     724
   696     725     727     695
   695     727      54      53
   725     726     728     727
   727     728      55      54
   726     716     715     728
   728     715      56      55
   729     731     674     675
   731     697     673     674
   697     731     732     696
   725     696     732     730
   729     730     732     731
   718     733     676     677
   733     729     675     676
   716     726     734     717
   717     734     733     718
   726     725     730     734
   734     730     729     733
   740     743     744     739
   739     744      52      51
   743     696     695     744
   744     695      53      52
   670     671     745     742
   742     745     746     741
   741     746     743     740
   697     747     672     673
   747     745     671     672
   743     746     748     696
   697     696     748     747
   746     745     747     748
   736     749     751     735
   735     751      49      48
   749     750     752     751
   751     752      50      49
   750     740     739     752
   752     739      51      50
   667     668     753     738
   738     753     754     737
   737     754     749     736
   742     755     669     670
   755     753     668     669
   740     750     756     741
   741     756     755     742
   750     749     754     756
   756     754     753     755
   758     760     761     757
   757     761      47      46
   760     736     735     761
   761     735      48      47
   664     665     762     759
   759     762     760     758
   738     763     666     667
   763     762     665     666
   762     763     764     760
   736     760     764     737
   738     737     764     763
   692     765     767     691
   691     767      44      43
   765     766     768     767
   767     768      45      44
   766     758     757     768
   768     757      46      45
   769     770     661     662
   770     694     660     661
   692     693     771     765
   769     765     771     770
   693     694     770     771
   759     772     663     664
   772     769     662     663
   758     766     772     759
   766     765     769     772
   ENDDATA