TITLE = 'RESULT'
VARIABLES = 'X','Y','Z','xstrain', 'ystrain', 'xStress', 'yStress', 'xyStress'
ZONE N=772, E=711, F=FEPOINT, ET=QUADRILATERAL
30.000000  25.000000  0  0.001738   0.000191  74.262615   47.291631  90.303992
29.000000  25.000000  0  0.001679   0.000121  -63.530999   -14.784664  21.098129
28.000000  25.000000  0  0.001619   0.000053  -61.989967   -16.745412  21.235815
27.000000  25.000000  0  0.001559   -0.000015  -225.799725   -69.759392  79.817974
26.000000  25.000000  0  0.001499   -0.000082  -58.889654   -20.561939  21.482590
25.000000  25.000000  0  0.001438   -0.000147  -57.259814   -22.390857  21.569120
24.000000  25.000000  0  0.001375   -0.000211  -55.654870   -24.198957  21.630762
23.000000  25.000000  0  0.001312   -0.000275  -54.004699   -25.962274  21.638975
22.000000  25.000000  0  0.001246   -0.000338  -194.919904   -103.022879  80.299030
21.000000  25.000000  0  0.001179   -0.000401  -187.912754   -108.800697  79.618800
20.000000  25.000000  0  0.001110   -0.000464  -180.572506   -114.268827  78.815645
19.000000  25.000000  0  0.001040   -0.000528  -46.449524   -32.202532  21.021023
18.000000  25.000000  0  0.000969   -0.000593  -44.154489   -33.696286  20.861704
17.000000  25.000000  0  0.000897   -0.000660  -41.949935   -35.432979  20.805601
16.000000  25.000000  0  0.000824   -0.000728  -40.180104   -37.499792  20.908014
15.000000  25.000000  0  0.000752   -0.000798  -38.600580   -39.479556  21.032715
14.000000  25.000000  0  0.000680   -0.000869  -36.731035   -40.918259  21.019151
13.000000  25.000000  0  0.000610   -0.000942  -34.568429   -41.880592  20.917615
12.000000  25.000000  0  0.000542   -0.001016  -32.240921   -42.643803  20.786589
11.000000  25.000000  0  0.000476   -0.001089  -79.393311   -55.969953  60.491913
10.000000  25.000000  0  0.000414   -0.001162  -70.979385   -55.458471  63.412144
9.000000  25.000000  0  0.000355   -0.001234  -63.276096   -55.599063  66.379936
8.000000  25.000000  0  0.000300   -0.001303  -56.235960   -56.111838  69.291155
7.000000  25.000000  0  0.000250   -0.001368  -23.702705   -50.093488  21.308184
6.000000  25.000000  0  0.000203   -0.001428  -22.801240   -52.495375  21.544838
5.000000  25.000000  0  0.000162   -0.001482  -22.090144   -54.973755  21.767394
4.000000  25.000000  0  0.000124   -0.001528  -21.502534   -57.334414  21.999360
3.000000  25.000000  0  0.000090   -0.001565  -20.903017   -59.286121  22.117954
2.000000  25.000000  0  0.000058   -0.001592  -20.263157   -60.785881  22.151406
1.000000  25.000000  0  0.000029   -0.001609  -19.511613   -61.712162  22.031289
0.000000  25.000000  0  -0.000000   -0.001615  -18.633091   -62.110305  21.738878
0.000000  23.999988  0  0.000000   -0.001605  18.710428   62.368092  81.035699
0.000000  22.999975  0  -0.000000   -0.001593  18.465866   61.552888  80.446416
0.000000  21.999963  0  -0.000000   -0.001580  18.284246   60.947486  79.879514
0.000000  20.999950  0  0.000000   -0.001567  18.119082   60.396940  79.327473
0.000000  19.999938  0  -0.000000   -0.001554  17.967095   59.890315  78.800271
0.000000  18.999925  0  0.000000   -0.001542  17.807200   59.357334  78.330259
0.000000  17.999913  0  0.000000   -0.001531  17.658781   58.862603  77.929869
0.000000  16.999900  0  0.000000   -0.001521  17.503539   58.345131  77.616320
0.000000  15.999888  0  -0.000000   -0.001511  17.381180   57.937267  77.354196
0.000000  14.999875  0  -0.000000   -0.001501  17.294759   57.649197  77.063866
0.000000  13.999863  0  0.000000   -0.001490  17.345900   57.819667  76.509271
0.000000  12.999850  0  0.000000   -0.001476  -104.969146   -349.897154  62.507420
1.016853  12.918897  0  0.000137   -0.001464  -114.073951   -332.086055  70.019345
2.029889  12.799337  0  0.000276   -0.001432  -124.897836   -324.857683  76.026394
3.037578  12.640910  0  0.000417   -0.001381  48.813075   -28.562562  -68.000317
4.014244  12.356200  0  0.000564   -0.001311  -131.063165   -330.679522  76.687096
4.964591  11.985581  0  0.000717   -0.001226  108.384999   19.165657  -64.452509
5.898652  11.575653  0  0.000875   -0.001128  -103.785390   -314.080385  89.226787
6.790583  11.086368  0  0.001039   -0.001022  -63.321044   -269.823553  91.483716
7.615161  10.485862  0  0.001208   -0.000912  198.814908   81.006560  -61.560228
8.416023  9.854075  0  0.001384   -0.000800  -10.665560   -192.550838  115.489792
9.192281  9.192283  0  0.001557   -0.000690  236.785547   103.662968  -63.370611
9.854063  8.416018  0  0.001732   -0.000587  99.122635   -102.925021  133.688540
10.485847  7.615151  0  0.001900   -0.000487  155.737564   -63.939865  148.783752
11.086365  6.790582  0  0.002059   -0.000397  286.218982   114.269151  -75.343924
11.575651  5.898653  0  0.002208   -0.000317  259.163969   17.350601  147.901587
11.985578  4.964590  0  0.002342   -0.000246  303.927796   113.972273  -94.269636
12.356198  4.014246  0  0.002457   -0.000184  340.001152   69.984220  155.607800
12.640911  3.037578  0  0.002550   -0.000130  409.134034   102.309570  146.948709
12.799341  2.029891  0  0.002618   -0.000084  215.469538   74.773620  -124.343210
12.918899  1.016854  0  0.002660   -0.000041  568.633962   164.542626  148.932699
12.999850  0.000000  0  0.002674   0.000000  166.201458   49.860437  -127.969442
13.999859  0.000000  0  0.002686   0.000000  -388.343212   -116.502964  -154.933165
14.999868  0.000000  0  0.002702   0.000000  -412.724817   -123.817445  -74.305215
15.999876  0.000000  0  0.002717   0.000000  -115.521813   -34.656544  -32.447481
16.999885  0.000000  0  0.002739   0.000000  -106.459980   -31.937994  -143.159228
17.999894  0.000000  0  0.002765   -0.000000  -402.907269   -120.872181  -36.015557
18.999903  0.000000  0  0.002794   -0.000000  -405.484085   -121.645226  -40.199769
19.999912  0.000000  0  0.002827   0.000000  -108.642166   -32.592650  -147.817577
20.999921  0.000000  0  0.002863   0.000000  -413.622019   -124.086606  -42.957523
21.999929  0.000000  0  0.002902   0.000000  -418.862611   -125.658783  -43.213917
22.999938  0.000000  0  0.002942   0.000000  -424.685941   -127.405782  -43.283739
23.999947  0.000000  0  0.002985   -0.000000  -430.823670   -129.247101  -43.296338
24.999956  0.000000  0  0.003029   -0.000000  -437.212780   -131.163834  -43.305534
25.999965  0.000000  0  0.003075   -0.000000  -443.754219   -133.126266  -43.323442
26.999974  0.000000  0  0.003120   -0.000000  -119.460772   -35.838232  -159.113365
27.999982  0.000000  0  0.003166   0.000000  -457.003805   -137.101141  -43.434811
28.999991  0.000000  0  0.003211   0.000000  -463.538903   -139.061671  -43.588805
30.000000  0.000000  0  0.003254   0.000000  469.971976   140.991593  -164.491643
30.000000  1.000000  0  0.003249   0.000042  467.225170   134.646235  -162.129044
30.000000  2.000000  0  0.003236   0.000083  463.133376   127.993935  -159.357452
30.000000  3.000000  0  0.003213   0.000123  457.889860   121.185291  -156.211910
30.000000  4.000000  0  0.003182   0.000161  451.573474   114.330582  -152.742234
30.000000  5.000000  0  0.003143   0.000196  444.258249   107.529454  -149.005000
30.000000  6.000000  0  0.003097   0.000228  116.811291   27.024040  -38.859704
30.000000  7.000000  0  0.003044   0.000256  114.392724   25.303683  -37.760603
30.000000  8.000000  0  0.002985   0.000280  111.779207   23.663367  -36.631240
30.000000  9.000000  0  0.002921   0.000301  109.004886   22.119034  -35.491258
30.000000  10.000000  0  0.002853   0.000317  396.177712   77.233259  -128.264903
30.000000  11.000000  0  0.002781   0.000329  384.996610   72.316079  -124.078270
30.000000  12.000000  0  0.002707   0.000336  373.733102   67.911907  -119.966569
30.000000  13.000000  0  0.002631   0.000340  362.569051   64.050227  -115.964192
30.000000  14.000000  0  0.002554   0.000340  351.682727   60.767512  -112.051922
30.000000  15.000000  0  0.002476   0.000337  340.923726   57.977993  -108.273151
30.000000  16.000000  0  0.002398   0.000330  330.291803   55.644051  -104.636010
30.000000  17.000000  0  0.002320   0.000321  319.756924   53.707607  -101.166628
30.000000  18.000000  0  0.002243   0.000309  309.417718   52.154761  -97.856568
30.000000  19.000000  0  0.002168   0.000295  299.293320   50.941745  -94.706817
30.000000  20.000000  0  0.002093   0.000280  289.416816   50.029036  -91.706438
30.000000  21.000000  0  0.002020   0.000263  279.779969   49.361167  -88.843582
30.000000  22.000000  0  0.001948   0.000245  270.358745   48.875530  -86.098670
30.000000  23.000000  0  0.001877   0.000227  261.100465   48.498357  -83.445422
30.000000  24.000000  0  0.001808   0.000209  251.952794   48.157061  -80.853753
13.805380  1.047903  0  0.002670   -0.000032  -387.709049   -111.788077  -145.698675
1.007838  13.913088  0  0.000118   -0.001480  -0.270110   52.181039  75.142138
13.635794  2.116865  0  0.002627   -0.000067  -368.360626   -100.620852  -145.072702
2.012019  13.800205  0  0.000238   -0.001450  -19.237860   45.253623  73.621643
14.628121  1.199230  0  0.002678   -0.000028  -81.785527   -23.399948  -41.367822
1.006002  14.916915  0  0.000105   -0.001491  1.484054   51.959172  75.864201
15.557743  0.859534  0  0.002700   -0.000016  -505.490754   -150.887487  -48.891416
13.459455  3.164423  0  0.002558   -0.000107  -342.121773   -85.835410  -150.006680
3.006319  13.640685  0  0.000360   -0.001402  -40.337988   35.680362  71.641559
14.456586  2.290508  0  0.002634   -0.000058  -89.000600   -24.400212  -39.616067
2.008192  14.811992  0  0.000211   -0.001464  -15.482187   45.050784  74.566875
15.411324  1.631643  0  0.002679   -0.000032  -92.601663   -26.462525  -42.647256
16.283387  0.892824  0  0.002716   -0.000013  -113.101206   -33.431343  -38.756481
1.006253  15.925930  0  0.000095   -0.001502  3.072389   52.593604  76.285461
13.217610  4.179673  0  0.002467   -0.000151  -298.945973   -64.361837  -152.187604
3.990526  13.398915  0  0.000488   -0.001337  -64.730184   23.192062  69.537592
14.294278  3.334866  0  0.002567   -0.000090  -323.330332   -83.416519  -144.831105
3.000726  14.664402  0  0.000320   -0.001419  -33.855756   36.195493  72.330220
15.290300  2.558530  0  0.002638   -0.000052  -91.981264   -25.475606  -40.399895
16.264392  1.821408  0  0.002692   -0.000028  -103.745727   -29.989687  -41.056555
2.008545  15.832866  0  0.000191   -0.001476  -12.240413   46.030881  75.102185
17.138818  0.931465  0  0.002735   -0.000011  -102.282204   -29.155426  -144.596861
1.006487  16.936938  0  0.000087   -0.001512  4.445195   53.393861  76.630944
4.949146  13.087630  0  0.000620   -0.001257  -90.125524   8.633443  65.477829
12.916287  5.155656  0  0.002356   -0.000202  -247.664341   -39.025141  -150.218977
14.096203  4.356439  0  0.002479   -0.000127  -76.573682   -17.839087  -37.145443
3.987104  14.455394  0  0.000433   -0.001359  -54.786727   24.671494  70.077944
5.890243  12.732488  0  0.000758   -0.001166  -119.274358   -7.547836  62.164702
15.156030  3.539571  0  0.002576   -0.000078  -334.368505   -88.712754  -144.511313
12.572112  6.092556  0  0.002232   -0.000260  -47.616927   -2.657291  -36.353353
16.160267  2.745901  0  0.002651   -0.000045  -98.151069   -27.627635  -40.216597
3.001481  15.702833  0  0.000289   -0.001435  -28.495669   38.062212  72.740972
17.139717  1.884586  0  0.002713   -0.000023  -94.181373   -25.017358  -145.195467
2.009073  16.857684  0  0.000174   -0.001488  -9.466001   47.290708  75.483981
18.054988  0.951915  0  0.002760   -0.000009  -416.287356   -124.551707  -40.502783
1.006240  17.949035  0  0.000080   -0.001523  5.704176   54.362767  76.988336
10.838195  8.364116  0  0.001816   -0.000494  -291.177896   -27.136453  -55.599991
6.795121  12.348887  0  0.000897   -0.001068  -146.197335   -21.237073  56.742287
4.952984  14.191959  0  0.000550   -0.001285  -76.010743   10.681174  65.727367
13.855442  5.355484  0  0.002374   -0.000170  -65.032537   -12.434950  -36.378400
10.399153  8.986069  0  0.001692   -0.000562  -20.555834   24.236680  -31.655574
12.193834  6.973741  0  0.002099   -0.000322  -25.325478   5.351438  -30.872233
7.670341  12.076459  0  0.001022   -0.000972  -34.823757   24.463660  1.314695
14.997577  4.543865  0  0.002495   -0.000108  -82.308316   -20.471057  -36.252276
9.894224  9.718080  0  0.001544   -0.000645  -7.604514   28.114535  -25.436782
3.992008  15.522743  0  0.000390   -0.001379  -46.610874   28.136603  70.207849
9.295233  10.450279  0  0.001388   -0.000738  -145.977653   -5.410681  1.732880
16.047215  3.704824  0  0.002593   -0.000066  -354.717893   -96.568756  -145.348326
17.067750  2.840490  0  0.002673   -0.000037  -87.532603   -21.040619  -142.794074
11.839788  7.742182  0  0.001975   -0.000383  86.958383   90.146664  -131.438595
5.911833  13.891190  0  0.000672   -0.001200  -100.612103   -8.708109  62.697014
3.003306  16.746707  0  0.000263   -0.001450  -24.056672   40.149245  73.124861
8.448494  11.116813  0  0.001218   -0.000854  -92.110220   60.393073  -18.595298
18.046404  1.917349  0  0.002738   -0.000018  -414.158561   -123.476128  -43.659508
13.562425  6.332744  0  0.002255   -0.000219  -55.976013   -7.158282  -36.052000
19.010791  0.963158  0  0.002788   -0.000006  -412.013205   -123.357534  -41.956896
2.008962  17.884448  0  0.000160   -0.001501  -6.984710   48.755920  75.842581
1.005604  18.959973  0  0.000073   -0.001535  6.837396   55.236867  77.407238
11.513814  8.517436  0  0.001847   -0.000446  -314.522430   -54.940016  -35.118955
11.145633  9.337695  0  0.001707   -0.000516  -35.243005   15.554819  -28.598156
14.810393  5.559722  0  0.002396   -0.000144  -68.276251   -15.050019  -33.259393
4.969624  15.296854  0  0.000496   -0.001310  -64.192664   17.159433  65.138411
6.832599  13.606407  0  0.000792   -0.001110  -124.396297   -35.921978  60.880337
15.920318  4.693111  0  0.002518   -0.000091  -92.899079   -24.240248  -37.308306
3.997256  16.593548  0  0.000356   -0.001398  -39.989505   31.770628  70.473508
16.977165  3.801718  0  0.002618   -0.000055  -84.290337   -17.725474  -139.063743
10.729514  10.134415  0  0.001567   -0.000591  -25.682268   19.059060  -22.733233
9.483578  11.295160  0  0.001305   -0.000762  125.491363   195.506986  -118.990919
13.218705  7.302187  0  0.002122   -0.000277  -51.643064   -4.394884  -30.132353
7.716430  13.434385  0  0.000900   -0.001023  -164.981938   -99.615957  75.993028
17.994341  2.883970  0  0.002700   -0.000030  -402.183308   -119.359419  -43.972350
18.992981  1.933221  0  0.002767   -0.000013  -410.157546   -122.501251  -43.073266
3.004555  17.792689  0  0.000242   -0.001465  -20.234203   42.252524  73.559863
10.355308  11.002908  0  0.001426   -0.000668  40.135548   90.550585  -66.799314
12.140319  8.793629  0  0.001860   -0.000414  -361.267717   -91.465040  -0.589189
19.987429  0.969672  0  0.002821   -0.000004  -107.326472   -31.674803  -147.473976
2.008315  18.908688  0  0.000147   -0.001514  -4.763469   50.074059  76.238156
5.956173  15.039017  0  0.000608   -0.001229  -82.462633   4.919533  59.660238
1.004849  19.969964  0  0.000067   -0.001547  7.942986   56.161902  77.888762
8.605244  12.413124  0  0.001089   -0.000896  145.897844   140.995610  -78.233365
9.087578  11.490766  0  0.001242   -0.000808  -60.667108   -5.602706  7.322720
14.563950  6.570563  0  0.002282   -0.000188  -58.967818   -9.374799  -37.108035
11.976220  9.558683  0  0.001750   -0.000464  -51.435109   4.692369  -23.815535
9.239444  12.039212  0  0.001197   -0.000820  -0.196858   33.719648  -16.258085
15.776809  5.714253  0  0.002426   -0.000122  -90.919516   -22.578442  -34.313897
4.983665  16.400619  0  0.000452   -0.001334  -55.136153   23.471584  65.262347
12.928056  8.330200  0  0.001977   -0.000340  -211.627627   -24.646086  -73.308130
16.880353  4.770323  0  0.002550   -0.000075  -82.101499   -14.198419  -135.584958
6.942507  14.800867  0  0.000722   -0.001141  -93.958610   -2.854894  50.439547
17.927479  3.849175  0  0.002650   -0.000043  -386.736626   -114.117196  -42.559637
4.000626  17.664977  0  0.000327   -0.001416  -34.571738   34.771531  70.981539
10.068386  12.107259  0  0.001273   -0.000748  38.198805   97.699006  -58.462767
18.952865  2.903719  0  0.002733   -0.000022  -401.573098   -119.556953  -42.858343
11.633656  10.437163  0  0.001613   -0.000534  -37.956221   12.458782  -22.398346
19.962994  1.942055  0  0.002801   -0.000008  -105.130484   -30.392946  -146.697221
3.005187  18.834615  0  0.000223   -0.001480  -16.856994   44.093771  74.040818
14.206172  7.572781  0  0.002152   -0.000241  -57.620030   -7.651594  -30.686169
20.979395  0.974089  0  0.002856   -0.000001  -412.741151   -123.768207  -43.234514
2.007504  19.930759  0  0.000135   -0.001528  -2.627101   51.453339  76.685045
1.004242  20.977905  0  0.000061   -0.001560  9.023635   56.998855  78.434171
7.984724  14.642465  0  0.000838   -0.001045  -85.345906   82.509727  19.438897
5.986442  16.178599  0  0.000555   -0.001257  -70.517120   15.612809  59.299125
12.894636  9.559544  0  0.001826   -0.000402  -208.878321   -1.944279  -88.381491
11.252715  11.403704  0  0.001467   -0.000613  -182.301106   -11.995201  -10.563226
15.607605  6.794362  0  0.002316   -0.000160  -327.051978   -84.727891  -66.741248
8.488591  13.412953  0  0.000986   -0.000951  -324.118732   -168.730401  129.944328
16.781399  5.737387  0  0.002471   -0.000099  -71.783972   -7.568453  -132.935712
4.991175  17.502511  0  0.000415   -0.001356  -48.310239   27.522119  66.137705
17.858170  4.811545  0  0.002587   -0.000060  -369.779696   -108.370173  -39.597118
9.619382  13.220041  0  0.001120   -0.000841  28.874777   101.926102  -47.275643
13.929852  8.622962  0  0.002015   -0.000299  -213.404946   -23.624525  -92.758853
18.903631  3.872060  0  0.002686   -0.000033  -389.570144   -115.508260  -41.594375
4.002698  18.730582  0  0.000301   -0.001434  -29.883564   37.219879  71.567384
19.929185  2.914393  0  0.002769   -0.000014  -101.936280   -28.625064  -145.218643
7.000058  15.970394  0  0.000661   -0.001173  -81.882893   10.645014  50.420888
20.953772  1.948788  0  0.002838   -0.000003  -409.121738   -122.601522  -43.127924
3.005577  19.872864  0  0.000204   -0.001495  -13.652072   45.963418  74.563342
21.977557  0.977699  0  0.002895   0.000001  -416.667241   -125.049294  -43.472416
12.586835  10.631538  0  0.001676   -0.000475  -39.118240   9.155022  -23.765490
2.006880  20.948624  0  0.000123   -0.001541  -0.544131   52.694748  77.195112
1.003847  21.984691  0  0.000055   -0.001574  10.180454   57.928877  79.016807
15.111354  7.862743  0  0.002178   -0.000215  -48.411937   -5.466186  -33.456085
10.924360  12.464568  0  0.001323   -0.000693  -161.284601   -5.404500  0.600334
5.997138  17.313498  0  0.000508   -0.001285  -62.560509   20.466076  60.781671
8.059947  15.813206  0  0.000771   -0.001080  -18.723008   25.946923  5.624213
16.757764  6.669433  0  0.002389   -0.000124  -70.911561   -4.677515  -121.560542
13.778112  9.731418  0  0.001878   -0.000358  -218.570026   -16.553548  -83.243757
16.164211  7.590828  0  0.002270   -0.000169  -395.677949   -109.419638  -37.474918
12.177147  11.668855  0  0.001526   -0.000556  -202.041292   -23.949931  -11.381410
17.799295  5.766485  0  0.002516   -0.000079  -77.395236   -12.272210  -132.814000
9.151381  14.427524  0  0.000971   -0.000935  -65.832542   78.358675  -6.128636
18.853918  4.837364  0  0.002628   -0.000046  -376.310009   -111.009795  -39.376888
4.995419  18.597318  0  0.000382   -0.001377  -42.541873   30.485805  67.161141
19.891306  3.885427  0  0.002725   -0.000022  -97.912093   -26.355078  -142.999310
20.924380  2.923166  0  0.002807   -0.000007  -402.959075   -120.624206  -42.620995
4.004244  19.790578  0  0.000276   -0.001452  -25.496660   39.600623  72.165381
14.875234  8.898719  0  0.002052   -0.000266  -190.317969   -18.750486  -104.372923
21.952791  1.955012  0  0.002877   0.000002  -412.607639   -123.856965  -43.371415
3.006053  20.904742  0  0.000186   -0.001511  -10.536551   47.656282  75.137536
22.979540  0.980861  0  0.002936   0.000004  -422.247391   -126.833950  -43.656991
2.006539  21.964101  0  0.000110   -0.001555  1.656416   54.051350  77.750572
1.003543  22.990118  0  0.000047   -0.001587  11.479246   59.014258  79.629446
7.010092  17.133607  0  0.000605   -0.001205  -74.154281   14.817792  53.039596
10.581569  13.583761  0  0.001185   -0.000775  24.049634   98.591576  -52.339224
15.955265  8.347303  0  0.002182   -0.000202  -60.806877   -9.745413  -33.251563
13.562488  10.881526  0  0.001734   -0.000424  -227.067332   -31.800558  -36.587425
16.932063  7.616576  0  0.002313   -0.000146  -59.554179   2.488230  -122.241816
6.000580  18.441300  0  0.000467   -0.001310  -55.778935   23.748681  62.362010
17.786842  6.718564  0  0.002439   -0.000100  -75.352657   -9.012498  -125.760397
11.849941  12.752176  0  0.001385   -0.000634  -176.164685   -17.421487  0.298880
18.812248  5.799620  0  0.002562   -0.000061  -364.173121   -106.811062  -36.133135
8.052529  17.009038  0  0.000705   -0.001120  -15.432747   28.996745  6.619120
19.853466  4.854918  0  0.002671   -0.000032  -93.381860   -23.636306  -140.048183
14.726141  9.914929  0  0.001932   -0.000316  -188.917547   -11.883153  -93.560325
4.998709  19.684353  0  0.000350   -0.001398  -37.177062   33.262650  68.143050
20.893240  3.896873  0  0.002766   -0.000011  -394.875739   -118.005903  -41.744263
9.125858  15.745873  0  0.000877   -0.000989  -19.123868   24.206285  1.223616
13.032257  11.983594  0  0.001572   -0.000512  -197.367628   -28.490428  -12.660726
21.926706  2.931893  0  0.002849   0.000001  -406.796720   -122.097075  -42.961921
4.005649  20.842039  0  0.000251   -0.001469  -21.246686   41.786429  72.780374
22.957443  1.961048  0  0.002919   0.000008  -418.210031   -125.761147  -43.680799
3.006713  21.932788  0  0.000167   -0.001526  -7.283498   49.449783  75.753040
23.982387  0.983896  0  0.002979   0.000007  -428.295445   -128.769354  -43.835963
2.006234  22.976908  0  0.000095   -0.001569  4.103701   55.636888  78.342856
1.002760  23.995040  0  0.000039   -0.001599  13.081321   60.603879  80.275647
15.802741  9.241689  0  0.002081   -0.000241  -213.683713   -28.016717  -110.991082
10.303818  14.713381  0  0.001064   -0.000848  -76.121540   79.754495  -18.831961
7.009477  18.292286  0  0.000555   -0.001236  -66.801412   18.358173  55.295932
16.871425  8.567924  0  0.002219   -0.000178  -38.685179   13.945683  -121.417909
17.827354  7.682568  0  0.002359   -0.000123  -71.198433   -4.551814  -122.284888
11.589512  13.857752  0  0.001259   -0.000706  22.172438   91.477442  -57.040984
18.791199  6.762372  0  0.002488   -0.000079  -355.710865   -103.630458  -33.183544
14.066690  11.761214  0  0.001686   -0.000436  -282.165785   -60.538651  -9.654836
6.002727  19.559250  0  0.000428   -0.001334  -49.408401   26.860279  63.765144
14.665763  10.882932  0  0.001826   -0.000362  -196.012103   -16.110304  -68.337854
19.819503  5.823247  0  0.002608   -0.000044  -88.989952   -20.647858  -136.310295
20.862127  4.869935  0  0.002716   -0.000018  -385.525596   -114.930615  -40.531065
5.001650  20.760886  0  0.000319   -0.001417  -31.964607   35.856055  69.084869
21.900092  3.908396  0  0.002810   -0.000000  -399.461834   -119.822006  -42.275708
12.762105  13.063733  0  0.001442   -0.000582  -180.198477   -24.131671  -1.697631
22.934620  2.940763  0  0.002892   0.000010  -412.643549   -124.191200  -43.425822
8.042723  18.192958  0  0.000645   -0.001156  -12.753485   31.545606  7.701290
4.007079  21.887780  0  0.000225   -0.001485  -16.870712   44.027797  73.417441
15.697992  10.183643  0  0.001978   -0.000282  -202.689718   -21.025503  -96.748155
23.963312  1.967027  0  0.002963   0.000014  -424.294475   -127.830237  -44.032886
24.985642  0.986874  0  0.003024   0.000011  -434.752556   -130.841408  -44.038665
3.007244  22.956757  0  0.000145   -0.001540  -3.696316   51.523471  76.398245
2.004891  23.988668  0  0.000078   -0.001582  7.074967   57.998159  78.975585
9.102977  16.983383  0  0.000800   -0.001034  -17.005203   26.629213  2.982826
13.848652  12.527393  0  0.001592   -0.000484  -210.036191   -36.376215  -10.413918
16.756223  9.488051  0  0.002123   -0.000212  -27.463585   21.625281  -113.594630
10.205403  15.888298  0  0.000970   -0.000905  -20.449225   22.848912  -2.159909
17.794655  8.653307  0  0.002270   -0.000151  -62.249427   2.207541  -119.439452
7.008782  19.438772  0  0.000508   -0.001264  -59.944579   21.700855  57.371115
18.784889  7.730891  0  0.002410   -0.000100  -348.163163   -100.432326  -32.257247
14.813823  11.892259  0  0.001736   -0.000398  -191.784517   -0.745911  -78.422229
11.393424  14.964827  0  0.001150   -0.000771  -89.766433   70.485522  -27.288656
19.793166  6.792103  0  0.002538   -0.000059  -85.100870   -17.498102  -132.079844
20.832546  5.842609  0  0.002656   -0.000027  -91.865975   -23.842819  -138.479696
6.004563  20.665025  0  0.000390   -0.001356  -43.203336   29.824156  65.050917
21.873480  4.884642  0  0.002761   -0.000004  -390.859246   -117.096237  -41.332606
15.659914  11.141815  0  0.001879   -0.000322  -200.042308   -17.697429  -82.247193
22.911554  3.920185  0  0.002855   0.000012  -405.674524   -122.147672  -42.929484
5.004504  21.829354  0  0.000286   -0.001435  -26.626688   38.448181  70.007657
23.943689  2.949678  0  0.002937   0.000020  -418.887175   -126.433308  -43.962283
12.572616  14.138903  0  0.001328   -0.000644  -163.044381   -19.101687  5.739258
4.008254  22.927803  0  0.000197   -0.001501  -12.105107   46.575946  74.065167
24.969820  1.972980  0  0.003008   0.000022  -430.855753   -130.069852  -44.434615
25.988884  0.989846  0  0.003069   0.000015  -441.385022   -132.983933  -44.272320
3.006212  23.978887  0  0.000120   -0.001553  0.614576   54.619139  77.076648
13.682471  13.459231  0  0.001490   -0.000536  -190.648232   -31.056855  -2.794837
16.677273  10.426990  0  0.002027   -0.000248  -21.970009   27.729279  -106.309255
8.034463  19.358515  0  0.000591   -0.001187  -10.380328   33.744547  8.777705
9.084147  18.178040  0  0.000734   -0.001074  -14.803525   29.077457  4.437338
17.721740  9.612826  0  0.002177   -0.000181  -53.203035   9.158075  -114.221194
10.168755  17.073803  0  0.000890   -0.000951  -19.099133   24.565278  -0.026731
14.742866  12.860001  0  0.001638   -0.000444  -226.857769   -46.722905  -8.110713
18.754492  8.703802  0  0.002325   -0.000123  -72.219537   -4.787936  -120.991864
19.770819  7.763325  0  0.002463   -0.000076  -80.983316   -13.938070  -127.837830
7.008350  20.571665  0  0.000463   -0.001289  -53.275841   24.859511  59.319359
11.287189  16.091221  0  0.001056   -0.000825  -23.044104   20.711720  -4.803928
20.805417  6.815573  0  0.002590   -0.000039  -87.853260   -21.105771  -134.719712
21.847257  5.860760  0  0.002705   -0.000010  -381.241530   -113.986941  -40.151678
15.687189  12.129993  0  0.001786   -0.000360  -194.329880   -8.520771  -79.996036
6.006465  21.760062  0  0.000351   -0.001377  -36.892701   32.722052  66.265336
22.888468  4.899458  0  0.002808   0.000011  -397.465412   -119.667578  -42.207069
23.923930  3.932057  0  0.002901   0.000025  -412.161412   -124.591466  -43.663132
5.007065  22.890224  0  0.000251   -0.001452  -20.838709   41.354375  70.900255
24.953454  2.958604  0  0.002983   0.000031  -425.589439   -128.852840  -44.569457
12.434040  15.215835  0  0.001227   -0.000701  -148.937850   -14.946828  11.760507
25.976320  1.978928  0  0.003054   0.000030  -437.591021   -132.396796  -44.890964
4.007485  23.964768  0  0.000163   -0.001515  -6.464491   50.325487  74.722716
26.992063  0.992798  0  0.003115   0.000020  -118.463184   -38.256598  -159.288515
16.638342  11.380655  0  0.001932   -0.000285  -20.179213   32.524191  -99.018154
13.552313  14.460993  0  0.001390   -0.000589  -175.103406   -26.127834  3.288945
17.660368  10.569821  0  0.002083   -0.000213  -46.080950   15.524793  -108.187050
18.705469  9.673341  0  0.002236   -0.000150  -65.507706   0.818793  -116.052180
14.620439  13.801066  0  0.001541   -0.000491  -202.263377   -38.262356  -3.710405
8.027055  20.508185  0  0.000539   -0.001215  -8.116792   35.723467  9.827584
9.067740  19.345605  0  0.000673   -0.001108  -12.713114   31.231802  5.812810
19.740790  8.736766  0  0.002382   -0.000096  -75.966484   -9.732510  -123.547585
10.140597  18.243361  0  0.000819   -0.000992  -63.237484   97.873745  6.073212
20.779236  7.789422  0  0.002517   -0.000052  -83.590745   -17.979958  -130.639847
15.649237  13.111120  0  0.001691   -0.000402  -233.108299   -52.490936  -8.372456
21.821594  6.837041  0  0.002641   -0.000018  -370.797374   -110.545473  -38.777406
11.232782  17.223727  0  0.000975   -0.000872  -21.737446   22.386834  -2.639728
7.008377  21.691622  0  0.000417   -0.001311  -46.481891   27.873032  61.167521
22.865476  5.878665  0  0.002754   0.000009  -388.186033   -116.793073  -41.263930
23.904149  4.914311  0  0.002856   0.000028  -404.225521   -122.326045  -43.149118
6.008343  22.845518  0  0.000308   -0.001395  -30.106523   35.893492  67.400567
24.936953  3.943954  0  0.002948   0.000040  -419.039284   -127.202953  -44.481472
25.963227  2.967525  0  0.003029   0.000044  -432.448414   -131.370545  -45.254769
12.342362  16.305443  0  0.001136   -0.000752  -138.267669   -10.948491  16.632098
16.624855  12.352679  0  0.001839   -0.000321  -17.439406   38.186526  -93.721508
5.007492  23.946419  0  0.000210   -0.001468  -14.049793   45.531872  71.751795
26.982743  1.984851  0  0.003100   0.000040  -117.075448   -40.487283  -158.877498
27.995074  0.995676  0  0.003161   0.000026  -455.005333   -137.448353  -44.859835
13.451236  15.491829  0  0.001296   -0.000639  -161.631152   -21.080859  8.026918
17.621317  11.530702  0  0.001991   -0.000246  -40.865793   21.229774  -101.899278
18.659414  10.641686  0  0.002146   -0.000178  -58.978052   6.528619  -110.635893
14.524605  14.775815  0  0.001449   -0.000537  -185.741005   -32.512244  0.986599
19.703809  9.709901  0  0.002297   -0.000118  -70.335539   -5.060510  -118.666892
20.750733  8.764605  0  0.002439   -0.000068  -78.884426   -14.403386  -126.330718
9.052020  20.495673  0  0.000614   -0.001139  -10.643021   33.181523  7.144431
8.020631  21.643667  0  0.000486   -0.001241  -5.856692   37.468608  10.860645
15.573241  14.081748  0  0.001597   -0.000444  -213.434877   -45.030634  -4.894218
10.114021  19.393125  0  0.000753   -0.001029  -56.378498   105.621125  11.796234
21.796113  7.813683  0  0.002571   -0.000028  -359.570592   -106.783244  -37.207761
22.842598  6.858000  0  0.002693   0.000004  -377.985617   -113.563359  -40.116772
11.193427  18.356511  0  0.000900   -0.000913  -73.516061   88.979371  -2.995410
23.884366  5.896512  0  0.002804   0.000029  -395.206447   -119.666242  -42.422298
7.008830  22.800740  0  0.000368   -0.001332  -39.147505   31.087373  62.896065
24.920429  4.929177  0  0.002905   0.000047  -411.307536   -125.139875  -44.183215
16.592215  13.328660  0  0.001747   -0.000359  -13.021992   44.636527  -88.877935
25.950001  3.955846  0  0.002996   0.000057  -426.046913   -129.918711  -45.398675
6.008306  23.924493  0  0.000260   -0.001413  -22.271985   40.207417  68.425712
26.972934  2.976421  0  0.003076   0.000059  -115.322107   -42.479022  -157.922926
12.280248  17.399594  0  0.001054   -0.000797  -130.060183   -7.214342  21.046302
27.988953  1.990659  0  0.003147   0.000052  -451.470033   -137.315677  -46.009118
28.997767  0.998289  0  0.003206   0.000034  -461.908608   -139.757280  -45.244926
17.595497  12.500879  0  0.001900   -0.000280  -263.089152   -67.939302  -14.978486
13.372173  16.540927  0  0.001209   -0.000685  -150.466869   -15.364759  11.571146
18.624143  11.611202  0  0.002056   -0.000207  -52.977196   12.098660  -104.884054
14.447971  15.773955  0  0.001360   -0.000581  -171.412928   -26.497210  4.390456
19.667836  10.684039  0  0.002210   -0.000142  -64.531772   -0.125737  -113.489219
20.720100  9.740545  0  0.002357   -0.000087  -73.825711   -10.456738  -121.509466
15.503713  15.056335  0  0.001508   -0.000486  -196.901021   -39.056144  -0.973352
21.770127  8.791431  0  0.002496   -0.000040  -81.615336   -19.057718  -129.110575
22.819730  7.837556  0  0.002625   -0.000002  -366.986806   -110.012686  -38.752262
9.037434  21.631923  0  0.000556   -0.001166  -8.533330   34.881897  8.468049
10.087537  20.529334  0  0.000689   -0.001061  -13.362893   30.685449  4.699162
8.015301  22.768421  0  0.000431   -0.001263  -3.474562   39.091514  11.877525
23.864577  6.878821  0  0.002744   0.000028  -385.244657   -116.648182  -41.494070
16.542601  14.304234  0  0.001657   -0.000397  -8.069467   51.073571  -83.789427
11.156735  19.479280  0  0.000830   -0.000950  -67.024197   96.206649  3.124672
24.903904  5.914348  0  0.002854   0.000052  -402.512864   -122.690102  -43.676156
25.936755  4.944040  0  0.002953   0.000068  -418.485640   -128.059717  -45.332912
7.007976  23.902292  0  0.000313   -0.001351  -30.728068   35.113940  64.460512
26.963004  3.967711  0  0.003043   0.000077  -113.223133   -44.185601  -156.462989
27.982435  2.985175  0  0.003123   0.000077  -446.570435   -136.735115  -46.928607
12.229220  18.497331  0  0.000977   -0.000838  -122.734770   -4.216643  25.453362
17.566704  13.475773  0  0.001810   -0.000314  -248.282806   -62.216064  -11.946160
28.994771  1.996016  0  0.003192   0.000066  -458.579934   -139.920720  -46.708725
13.303656  17.596958  0  0.001127   -0.000728  -142.906002   -10.783413  15.591249
18.597188  12.586110  0  0.001967   -0.000237  -271.594648   -72.406821  -17.433537
14.378549  16.786175  0  0.001276   -0.000623  -158.417648   -18.146337  5.573691
19.637468  11.660070  0  0.002122   -0.000167  -58.739183   4.892447  -107.955836
20.690322  10.718971  0  0.002273   -0.000107  -68.593321   -6.230759  -116.471540
15.446896  16.038933  0  0.001423   -0.000525  -181.610709   -33.109548  2.088914
21.743803  9.770328  0  0.002417   -0.000055  -77.054845   -15.773528  -124.394726
22.796735  8.818165  0  0.002552   -0.000011  -355.312715   -106.178680  -37.190783
23.844776  7.861305  0  0.002678   0.000025  -374.493205   -113.313842  -40.352801
16.494548  15.282279  0  0.001570   -0.000434  -1.947290   57.378363  -78.608893
10.062208  21.654151  0  0.000626   -0.001090  -11.308262   32.387915  6.186025
9.024362  22.759068  0  0.000495   -0.001191  -6.264947   36.438580  9.786135
24.887372  6.899610  0  0.002796   0.000055  -392.786919   -119.886638  -42.969749
11.120702  20.593955  0  0.000763   -0.000984  -16.274898   28.096601  2.420527
25.923506  5.932179  0  0.002904   0.000077  -409.877090   -125.817663  -45.058080
8.009719  23.885873  0  0.000370   -0.001284  -0.837792   40.652820  12.867719
26.953053  4.958873  0  0.003002   0.000093  -110.799634   -45.567790  -154.538940
17.532934  14.455007  0  0.001722   -0.000348  -232.851288   -56.408913  -8.843709
27.975817  3.979422  0  0.003091   0.000100  -440.430771   -135.727812  -47.627983
12.183203  19.591437  0  0.000904   -0.000875  -114.523201   -1.064415  29.263969
28.991539  2.993375  0  0.003169   0.000098  -453.841073   -139.617737  -47.967632
18.573115  13.564861  0  0.001878   -0.000267  -256.908327   -67.002204  -14.301462
13.239323  18.659602  0  0.001049   -0.000768  -137.925226   -9.909849  21.459459
19.613640  12.640959  0  0.002034   -0.000194  -52.900752   10.043906  -102.651909
14.298891  17.802441  0  0.001194   -0.000663  -151.449010   -10.943070  7.768697
20.664444  11.700116  0  0.002187   -0.000128  -63.272855   -1.858504  -111.021902
15.389056  17.022300  0  0.001341   -0.000563  -163.251719   -20.870055  -0.408781
21.718411  10.752460  0  0.002335   -0.000071  -72.399099   -12.226993  -119.485339
22.773769  9.799995  0  0.002475   -0.000021  -343.157059   -102.126732  -35.311355
16.454743  16.266359  0  0.001486   -0.000470  8.885332   64.897043  -74.425472
23.824939  8.844758  0  0.002608   0.000020  -363.109185   -109.709931  -39.021297
24.870822  7.885019  0  0.002732   0.000056  -382.272969   -116.767307  -42.055582
25.910250  6.920390  0  0.002847   0.000084  -400.346191   -123.222855  -44.581427
10.038708  22.772193  0  0.000561   -0.001116  -9.097932   33.930847  7.688767
17.500456  15.439994  0  0.001636   -0.000381  -218.352789   -51.172698  -5.443409
11.085868  21.700343  0  0.000696   -0.001014  -14.206922   29.837065  3.983821
26.943098  5.949981  0  0.002953   0.000107  -108.084381   -46.595913  -152.181172
9.012225  23.880468  0  0.000429   -0.001213  -3.727774   37.832807  11.101378
27.969176  4.973547  0  0.003050   0.000122  -433.154705   -134.310873  -48.105936
28.988239  3.990535  0  0.003137   0.000128  -447.846227   -138.875940  -49.006381
12.140697  20.681219  0  0.000834   -0.000908  -105.358984   2.819367  32.336033
18.549686  14.549226  0  0.001791   -0.000298  -242.023805   -61.525413  -11.377098
13.185964  19.724370  0  0.000974   -0.000804  -129.722732   -8.102456  26.019299
19.595403  13.625499  0  0.001947   -0.000220  -47.175599   15.144747  -97.285243
14.210345  18.828018  0  0.001115   -0.000702  -153.594124   -15.913631  17.651184
20.644874  12.686684  0  0.002101   -0.000151  -287.299919   -80.691369  -22.220948
15.292105  17.997422  0  0.001260   -0.000601  -151.802973   -2.816144  -6.735507
21.696400  11.737796  0  0.002251   -0.000089  -67.724173   -8.527740  -114.099167
22.751691  10.785246  0  0.002395   -0.000034  -330.723203   -97.933526  -33.060285
16.419333  17.250792  0  0.001406   -0.000504  38.584699   79.444383  -74.851266
23.805191  9.829333  0  0.002533   0.000013  -351.274070   -105.891256  -37.391082
24.854217  8.871257  0  0.002662   0.000055  -371.120552   -113.375491  -40.953932
17.473944  16.440717  0  0.001552   -0.000414  -205.136527   -46.680857  -1.778270
25.896974  7.908714  0  0.002784   0.000089  -390.028506   -120.309816  -43.897950
26.933137  6.941138  0  0.002897   0.000118  -105.110129   -47.249547  -149.439179
11.052754  22.801928  0  0.000627   -0.001041  -12.009957   31.413530  5.583434
10.017347  23.886368  0  0.000491   -0.001140  -6.644855   35.223873  9.225323
27.962532  5.967621  0  0.003002   0.000141  -111.601317   -52.111421  -154.529659
28.984920  4.987607  0  0.003097   0.000156  -440.712546   -137.713826  -49.811924
18.527787  15.539451  0  0.001706   -0.000328  -227.757201   -56.392602  -8.300125
12.100310  21.764997  0  0.000764   -0.000939  -95.953245   6.907449  35.125765
13.142770  20.787305  0  0.000902   -0.000836  -118.961057   -3.960717  28.796794
19.580732  14.615851  0  0.001861   -0.000247  -41.768043   20.204119  -92.239602
14.150695  19.864232  0  0.001039   -0.000737  -145.517168   -16.420920  23.577988
20.632379  13.677231  0  0.002015   -0.000174  -273.538125   -75.885917  -19.190155
15.148439  18.980928  0  0.001178   -0.000641  -176.324240   -25.587649  16.027193
21.680894  12.729167  0  0.002166   -0.000108  -296.190177   -84.997209  -24.686422
22.732820  11.773799  0  0.002313   -0.000048  -318.226306   -93.699214  -30.267632
16.316456  18.186076  0  0.001326   -0.000539  17.187598   88.716903  -77.572758
23.786222  10.817100  0  0.002454   0.000005  -339.181032   -101.923443  -35.401569
24.837642  9.858422  0  0.002589   0.000051  -359.501494   -109.757737  -39.573276
17.453396  17.470949  0  0.001468   -0.000447  -192.659242   -44.357470  3.978370
25.883637  8.897695  0  0.002716   0.000092  -379.067614   -117.119223  -43.025140
26.923156  7.932376  0  0.002836   0.000128  -101.954446   -47.523497  -146.307870
27.955880  6.961725  0  0.002947   0.000157  -108.838901   -53.476293  -151.904070
18.509492  16.543635  0  0.001622   -0.000358  -214.370359   -51.911153  -4.761368
11.022605  23.900927  0  0.000554   -0.001066  -9.624403   32.673576  7.256008
28.981596  5.984646  0  0.003050   0.000181  -115.819887   -58.570056  -156.895092
12.061340  22.844890  0  0.000693   -0.000966  -86.519071   10.618822  37.984312
13.103068  21.844979  0  0.000831   -0.000865  -108.033708   0.809360  31.075189
19.568423  15.610539  0  0.001777   -0.000274  -37.295382   24.777206  -86.888999
14.116367  20.900521  0  0.000968   -0.000768  -132.403392   -11.460977  25.648767
15.084903  19.990356  0  0.001102   -0.000674  -164.163787   -26.934064  22.711328
20.625008  14.673792  0  0.001930   -0.000198  -259.716792   -71.011022  -16.552311
21.673468  13.724966  0  0.002081   -0.000127  -283.153119   -80.511903  -21.754144
16.027487  19.103072  0  0.001237   -0.000585  -47.137323   8.111187  -9.066502
22.720532  12.768589  0  0.002230   -0.000064  -305.738028   -89.462459  -27.310041
23.770218  11.807893  0  0.002374   -0.000006  -327.071384   -97.897905  -32.879581
24.821678  10.848283  0  0.002512   0.000046  -347.618029   -105.975449  -37.854747
17.446810  18.568327  0  0.001384   -0.000478  -187.535097   -51.257412  17.316873
25.870289  9.887383  0  0.002644   0.000093  -367.627795   -113.692048  -41.893552
26.913115  8.924092  0  0.002769   0.000134  -98.665448   -47.423328  -142.884671
27.949212  7.955879  0  0.002886   0.000171  -105.875055   -54.414419  -148.906423
16.783072  19.240313  0  0.001284   -0.000539  -248.463095   -81.508419  42.563830
18.500078  17.564053  0  0.001540   -0.000387  -202.598795   -49.360416  0.642779
28.978266  6.981697  0  0.002996   0.000203  -113.282236   -60.719593  -154.390558
12.025583  23.922596  0  0.000620   -0.000992  -76.973758   13.176935  41.096896
13.063478  22.898599  0  0.000760   -0.000893  -97.552351   5.070348  33.526408
14.087218  21.930631  0  0.000897   -0.000795  -120.026556   -5.888695  27.259448
19.559777  16.614308  0  0.001693   -0.000301  -33.677947   29.024023  -81.739482
15.072572  21.000222  0  0.001032   -0.000702  -147.584152   -19.923884  23.283222
20.620645  15.673847  0  0.001846   -0.000221  -246.181409   -66.254546  -13.946471
15.984874  20.081662  0  0.001163   -0.000615  -178.998219   -35.648221  21.078264
21.672265  14.727084  0  0.001997   -0.000148  -270.102188   -75.977667  -19.232938
22.716713  13.768021  0  0.002146   -0.000080  -293.302557   -85.235744  -24.515952
23.760562  12.804540  0  0.002291   -0.000018  -315.099540   -93.886661  -30.162210
24.808279  11.840653  0  0.002432   0.000039  -335.732086   -102.111239  -35.640296
16.896021  20.045272  0  0.001234   -0.000553  -204.993138   -50.618237  23.397082
25.857396  10.879174  0  0.002568   0.000091  -355.920414   -110.087331  -40.453863
26.903033  9.916297  0  0.002698   0.000139  -95.401340   -46.972191  -139.081711
27.942490  8.950338  0  0.002821   0.000182  -102.750225   -54.924698  -145.616282
18.538934  18.603243  0  0.001462   -0.000412  -196.626376   -50.206549  7.686290
28.974925  7.978772  0  0.002936   0.000222  -110.517034   -62.374292  -151.528099
13.026161  23.949749  0  0.000686   -0.000918  -87.447111   8.007517  36.386651
14.055284  22.956033  0  0.000826   -0.000821  -108.676136   -1.063349  29.228226
17.775343  19.740939  0  0.001320   -0.000489  -206.152677   -53.501867  18.381781
19.563562  17.624760  0  0.001612   -0.000327  -31.859079   32.044716  -75.772251
15.062251  22.002745  0  0.000963   -0.000727  -133.993510   -13.838371  24.295405
20.619849  16.680285  0  0.001763   -0.000245  -233.361049   -61.845740  -11.123541
16.014212  21.049171  0  0.001098   -0.000638  -163.836360   -29.068619  21.372436
21.674731  15.732552  0  0.001913   -0.000168  -257.279854   -71.512172  -16.811675
22.719607  14.773876  0  0.002062   -0.000097  -280.889257   -80.981724  -22.121746
23.759267  13.805612  0  0.002209   -0.000031  -303.327001   -89.921450  -27.563923
24.800555  12.838041  0  0.002351   0.000030  -324.056739   -98.259478  -33.214214
25.846597  11.872876  0  0.002490   0.000087  -344.228621   -106.382935  -38.576430
26.893246  10.910001  0  0.002623   0.000140  -92.224200   -46.208918  -135.077688
27.935719  9.945086  0  0.002750   0.000190  -383.795682   -121.955979  -47.139347
16.952229  20.991402  0  0.001170   -0.000573  -181.751064   -39.307871  20.077535
28.971546  8.975995  0  0.002871   0.000237  -107.551318   -63.523206  -148.367198
14.023002  23.978654  0  0.000754   -0.000846  -98.085039   2.530498  31.699035
19.603645  18.649680  0  0.001535   -0.000349  -32.478622   33.668669  -69.604216
15.043207  23.003145  0  0.000893   -0.000751  -121.317971   -8.383774  25.633963
18.694166  19.664615  0  0.001393   -0.000429  -198.719836   -50.598365  10.500049
16.026610  22.029508  0  0.001031   -0.000661  -149.040056   -22.645567  21.827678
20.628998  17.690783  0  0.001682   -0.000268  -222.223448   -58.284359  -7.721195
21.680626  16.743014  0  0.001831   -0.000189  -245.031513   -67.264099  -14.323029
17.878360  20.834013  0  0.001248   -0.000509  -190.887723   -45.251118  16.475757
22.726423  15.783089  0  0.001979   -0.000115  -268.624006   -76.756798  -19.865142
23.764774  14.812796  0  0.002126   -0.000046  -291.681124   -85.970358  -25.320840
24.800447  13.839284  0  0.002270   0.000019  -312.672495   -94.469131  -30.858984
25.840567  12.870558  0  0.002410   0.000081  -332.821202   -102.690403  -36.483966
26.885001  11.905022  0  0.002546   0.000139  -89.347395   -45.181324  -130.691162
27.929108  10.940748  0  0.002677   0.000195  -372.320296   -118.679573  -46.248693
28.968134  9.973339  0  0.002802   0.000249  -392.023552   -126.409610  -50.183861
16.985198  21.984016  0  0.001103   -0.000595  -164.299497   -31.644957  19.523962
15.019618  24.002029  0  0.000823   -0.000775  -109.584412   -3.771727  27.399657
16.024818  23.018956  0  0.000962   -0.000683  -134.939030   -16.599576  22.553758
19.693919  19.691490  0  0.001462   -0.000369  -34.098158   34.682964  -64.146659
20.660406  18.711522  0  0.001604   -0.000289  -213.734135   -55.744861  -4.214109
18.812773  20.754036  0  0.001321   -0.000448  -192.793241   -47.202673  11.228368
21.693529  17.756079  0  0.001750   -0.000210  -234.006028   -63.526667  -11.542543
22.736189  16.796424  0  0.001897   -0.000133  -256.715977   -72.639905  -17.635520
23.774304  15.823232  0  0.002043   -0.000061  -280.176313   -82.040224  -23.216298
24.806658  14.845930  0  0.002188   0.000008  -301.493642   -90.721291  -28.793663
25.841041  13.871355  0  0.002329   0.000073  -321.801738   -99.072502  -34.409876
26.880380  12.902934  0  0.002467   0.000136  -86.748422   -43.953255  -126.252502
27.923496  11.937162  0  0.002601   0.000198  -360.830028   -115.271122  -45.067738
17.935103  21.891385  0  0.001177   -0.000530  -175.502851   -38.446137  16.266519
28.964779  10.971072  0  0.002729   0.000258  -380.625272   -123.288186  -49.550422
17.001346  22.990964  0  0.001034   -0.000616  -148.777575   -24.990402  19.715428
16.014202  24.009768  0  0.000893   -0.000706  -121.856000   -10.999597  23.574865
19.785243  20.752738  0  0.001389   -0.000387  -34.360644   36.807272  -60.108667
20.718442  19.742387  0  0.001529   -0.000309  -207.386738   -53.713256  -1.358805
21.719562  18.775263  0  0.001672   -0.000229  -224.721734   -60.425138  -8.706411
22.750433  17.811414  0  0.001816   -0.000151  -245.572300   -68.797730  -15.281533
23.786510  16.837211  0  0.001962   -0.000076  -268.910479   -78.163771  -21.175959
24.816657  15.855540  0  0.002106   -0.000004  -290.465983   -86.993135  -26.845811
18.886078  21.829775  0  0.001248   -0.000468  -181.728158   -42.410221  11.911515
25.847008  14.876621  0  0.002248   0.000065  -311.074986   -95.520255  -32.541179
26.880790  13.903168  0  0.002387   0.000131  -84.469531   -42.550004  -121.667596
27.920304  12.935388  0  0.002523   0.000197  -349.658816   -111.849916  -43.692243
17.970688  22.937589  0  0.001106   -0.000551  -160.692830   -32.167575  16.542516
28.961899  11.969066  0  0.002654   0.000263  -369.170206   -120.023961  -48.702259
17.005804  23.996888  0  0.000965   -0.000638  -134.541871   -18.806710  20.223911
20.785822  20.787009  0  0.001455   -0.000327  -200.898151   -51.321971  0.718987
19.858155  21.817481  0  0.001317   -0.000406  -33.246725   39.491242  -56.326092
21.760815  19.799984  0  0.001596   -0.000248  -216.907894   -57.766145  -6.148634
22.772188  18.829598  0  0.001738   -0.000169  -235.560995   -65.339505  -12.909647
23.801732  17.852391  0  0.001881   -0.000092  -258.114701   -74.428278  -19.091218
24.829011  16.868231  0  0.002025   -0.000018  -279.619031   -83.292248  -24.966065
25.856319  15.884420  0  0.002167   0.000054  -300.527687   -91.989511  -30.749586
26.885521  14.906839  0  0.002306   0.000125  -82.330259   -40.979913  -117.266422
18.937870  22.896711  0  0.001177   -0.000488  -169.569545   -37.395758  12.715467
27.920529  13.935133  0  0.002443   0.000195  -338.954612   -108.485844  -42.228922
28.960201  12.967850  0  0.002577   0.000265  -358.004148   -116.729249  -47.680548
17.992095  23.972220  0  0.001037   -0.000572  -146.554711   -26.230957  17.048656
20.848907  21.837149  0  0.001383   -0.000345  -193.346493   -48.459753  2.466290
21.810585  20.832872  0  0.001521   -0.000266  -209.508446   -55.117954  -4.027450
19.915585  22.883179  0  0.001246   -0.000425  -30.778270   42.901607  -52.999960
23.821221  18.869214  0  0.001803   -0.000109  -248.012842   -70.905841  -17.007503
22.802896  19.850332  0  0.001661   -0.000187  -226.677306   -62.233799  -10.666560
24.843463  17.881965  0  0.001945   -0.000032  -269.078436   -79.661262  -23.075505
25.867639  16.894823  0  0.002086   0.000043  -290.134282   -88.471082  -29.004233
26.892930  15.912531  0  0.002226   0.000116  -80.280172   -39.214091  -112.892299
27.923738  14.937239  0  0.002364   0.000189  -328.646272   -105.181578  -40.769323
18.975099  23.951841  0  0.001108   -0.000508  -157.099751   -32.452752  13.660761
28.960200  13.967359  0  0.002499   0.000264  -347.304998   -113.468756  -46.525196
21.861005  21.870314  0  0.001449   -0.000284  -201.808273   -52.302956  -2.141697
20.904345  22.891937  0  0.001313   -0.000364  -184.914535   -45.301266  4.141150
23.845637  19.887033  0  0.001726   -0.000126  -238.645239   -67.604930  -14.983131
24.860355  18.896728  0  0.001866   -0.000047  -258.984690   -76.146890  -21.192803
22.840013  20.875207  0  0.001586   -0.000205  -218.480931   -59.300193  -8.646743
25.880458  17.906172  0  0.002007   0.000030  -279.940630   -84.978263  -27.248628
26.901937  16.920293  0  0.002146   0.000106  -78.213385   -37.251233  -108.678941
19.961651  23.943430  0  0.001177   -0.000445  -27.481361   46.501683  -49.709220
27.928836  15.940805  0  0.002284   0.000182  -318.573275   -101.885231  -39.273169
28.961711  14.968109  0  0.002420   0.000260  -337.040109   -110.244056  -45.265454
24.879888  19.911891  0  0.001790   -0.000063  -249.397115   -72.770076  -19.329815
23.873852  20.906624  0  0.001651   -0.000142  -229.809782   -64.450001  -13.064633
25.894648  18.918326  0  0.001929   0.000016  -270.012233   -81.534693  -25.491793
21.908491  22.912086  0  0.001379   -0.000302  -193.697031   -49.357883  -0.298390
22.879381  21.902870  0  0.001514   -0.000222  -210.503238   -56.404386  -6.751202
26.912028  17.928862  0  0.002067   0.000094  -76.116657   -35.090473  -104.522482
20.953314  23.946214  0  0.001244   -0.000382  -32.277924   37.493908  -53.918669
27.935063  16.945855  0  0.002205   0.000173  -308.662913   -98.579284  -37.740196
28.964204  15.969686  0  0.002341   0.000253  -327.052509   -107.013238  -43.901655
24.901565  20.927766  0  0.001715   -0.000079  -240.242405   -69.507419  -17.502752
25.910102  19.930718  0  0.001852   0.000001  -260.383661   -78.154049  -23.727660
23.903811  21.927591  0  0.001579   -0.000159  -221.245212   -61.363653  -11.202697
26.922943  18.938086  0  0.001990   0.000081  -73.972338   -32.750240  -100.463942
22.918511  22.933411  0  0.001444   -0.000240  -202.555571   -53.526603  -4.850253
27.942004  17.951520  0  0.002127   0.000162  -298.888318   -95.256954  -36.154117
21.953459  23.955360  0  0.001311   -0.000320  -37.154904   28.710712  -58.497707
28.967305  16.972087  0  0.002263   0.000244  -317.262335   -103.760352  -42.443536
25.926544  20.943442  0  0.001778   -0.000014  -251.034178   -74.832838  -21.960816
24.924468  21.944271  0  0.001642   -0.000096  -231.393803   -66.322785  -15.684777
26.934488  19.947499  0  0.001914   0.000067  -71.790205   -30.248898  -96.468645
23.934235  22.950137  0  0.001508   -0.000177  -212.841560   -58.331521  -9.316967
27.949408  18.957671  0  0.002050   0.000149  -289.253364   -91.926103  -34.524381
22.957631  23.965685  0  0.001376   -0.000257  -194.717567   -50.773759  -2.793022
28.970783  17.974850  0  0.002185   0.000233  -307.616381   -100.477374  -40.898832
25.943599  21.956487  0  0.001705   -0.000031  -241.917716   -71.560320  -20.176569
26.946498  20.957117  0  0.001839   0.000052  -69.575202   -27.608056  -92.544964
24.948044  22.961612  0  0.001572   -0.000113  -222.787457   -63.207547  -13.827399
27.957089  19.963972  0  0.001974   0.000135  -279.764679   -88.593563  -32.849763
23.965504  23.974079  0  0.001440   -0.000194  -204.678900   -55.422623  -7.310908
28.974495  18.977894  0  0.002109   0.000221  -298.104010   -97.170922  -39.281543
26.958827  21.966942  0  0.001767   0.000036  -67.334901   -24.848921  -88.679900
25.961112  22.970033  0  0.001634   -0.000048  -233.011872   -68.336984  -18.344309
27.964947  20.970416  0  0.001900   0.000120  -270.433327   -85.269379  -31.137466
24.972679  23.979970  0  0.001503   -0.000130  -214.462951   -60.199536  -11.869198
28.978333  19.981034  0  0.002034   0.000206  -288.718617   -93.848681  -37.603935
26.971478  22.977147  0  0.001696   0.000019  -65.076154   -21.996605  -84.857741
27.972930  21.977016  0  0.001828   0.000104  -261.265550   -81.961606  -29.389445
25.979494  23.984356  0  0.001566   -0.000065  -224.336936   -65.185969  -16.417493
28.982241  20.984257  0  0.001960   0.000190  -279.469860   -90.523977  -35.880444
27.981084  22.983929  0  0.001757   0.000087  -252.268246   -78.677871  -27.596429
26.984839  23.988009  0  0.001627   0.000002  -62.812435   -19.089142  -81.048374
28.986194  21.987575  0  0.001888   0.000174  -270.365355   -87.209406  -34.124058
27.989757  23.991443  0  0.001687   0.000070  -243.441015   -75.420862  -25.696301
28.990217  22.991090  0  0.001817   0.000157  -261.416651   -83.918103  -32.344399
28.994489  23.995031  0  0.001748   0.000139  -252.684406   -80.675012  -30.536733
0.000000  10.000000  0  -0.000000   -0.001360  26.645866   88.819554  114.602172
0.604836  9.984044  0  0.000151   -0.001358  128.397421   319.696245  -124.315855
1.208107  9.934899  0  0.000302   -0.001349  -57.033803   29.847656  109.480228
1.807523  9.850873  0  0.000453   -0.001336  171.649140   285.094605  -128.222155
2.400619  9.730658  0  0.000604   -0.001317  201.537811   322.398873  -134.101851
2.984824  9.573429  0  0.000754   -0.001291  -193.064601   -81.916451  116.386277
3.557555  9.378920  0  0.000902   -0.001261  234.215606   395.008093  -151.566352
4.116326  9.147469  0  0.001048   -0.001224  243.122402   422.982092  -167.450970
4.658847  8.880026  0  0.001189   -0.001183  -298.614409   -161.978990  123.647523
5.183120  8.578109  0  0.001327   -0.001138  217.138038   410.964365  -186.104611
5.687507  8.243731  0  0.001461   -0.001089  185.461576   399.560749  -196.323974
6.170774  7.879295  0  0.001590   -0.001035  -368.776830   -223.735772  142.356588
6.632101  7.487469  0  0.001712   -0.000978  107.948814   360.010749  -220.446863
7.071068  7.071068  0  0.001826   -0.000919  139.899121   322.016773  -222.424362
7.487469  6.632101  0  0.001935   -0.000858  71.102043   274.929158  -218.020433
7.879295  6.170774  0  0.002038   -0.000794  -453.922816   -233.890430  153.995562
8.243731  5.687507  0  0.002134   -0.000726  -39.999353   209.984229  -237.361262
8.578109  5.183120  0  0.002222   -0.000658  -92.948668   170.302389  -241.117246
8.880026  4.658847  0  0.002304   -0.000588  -399.048464   -217.836093  180.615595
9.147469  4.116326  0  0.002377   -0.000516  -262.863781   75.417078  -249.317596
9.378920  3.557555  0  0.002440   -0.000443  -206.776006   63.382808  -249.651758
9.573429  2.984824  0  0.002494   -0.000370  -273.829081   -153.563265  198.033476
9.730658  2.400619  0  0.002540   -0.000296  -316.212436   -20.763661  -230.544408
9.850873  1.807523  0  0.002575   -0.000222  -400.663232   -65.806916  -230.255708
9.934899  1.208107  0  0.002599   -0.000148  -163.212486   -80.969892  219.516189
9.984044  0.604836  0  0.002614   -0.000074  -572.913307   -155.250241  -219.850892
10.000000  0.000000  0  0.002619   0.000000  -625.384823   -187.615447  -222.897779
10.599970  0.000000  0  0.002637   -0.000000  -264.225314   -79.267594  -228.127935
11.199940  0.000000  0  0.002650   0.000000  172.187003   51.656101  -60.008075
11.799910  0.000000  0  0.002660   -0.000000  691.512386   207.453716  -13.792429
12.399880  0.000000  0  0.002667   -0.000000  -153.347400   -46.004220  -40.844740
0.000000  12.399880  0  -0.000000   -0.001464  103.223193   344.077310  30.827413
0.000000  11.799910  0  0.000000   -0.001448  -78.815739   -262.719130  62.460072
0.000000  11.199940  0  0.000000   -0.001428  -17.075855   -56.919518  134.574649
0.000000  10.599970  0  0.000000   -0.001399  34.126175   113.753918  39.149723
8.677847  8.690535  0  0.001593   -0.000725  -0.817814   45.696513  -36.309194
8.154818  8.181586  0  0.001643   -0.000771  124.180111   25.121234  -11.083390
7.550284  7.558899  0  0.001732   -0.000842  315.598017   273.135079  -184.877357
11.353136  4.646235  0  0.002358   -0.000276  -75.200419   -8.442548  -43.054807
10.700057  4.325781  0  0.002378   -0.000318  201.549833   61.508400  -12.409912
10.057966  3.818436  0  0.002422   -0.000362  207.744050   140.079126  -209.688394
12.083655  1.955864  0  0.002611   -0.000102  -112.684283   -29.503334  -40.791261
11.364082  1.888040  0  0.002603   -0.000127  510.373848   154.615867  -20.549144
10.618439  1.865089  0  0.002591   -0.000167  -450.394938   -98.380542  -208.814347
11.541950  0.995005  0  0.002643   -0.000064  147.471251   40.060330  65.291216
12.242479  0.995215  0  0.002652   -0.000050  -581.605686   -175.267192  19.819211
10.703554  1.203663  0  0.002620   -0.000107  -385.984867   -133.329514  170.854370
10.607496  0.604534  0  0.002633   -0.000057  -642.652705   -205.350539  227.374858
11.125592  0.527876  0  0.002644   -0.000041  733.425343   217.401640  61.159497
10.973030  3.509230  0  0.002473   -0.000250  88.589173   11.821455  52.839687
11.195420  2.699503  0  0.002548   -0.000187  515.221599   154.586532  -13.318998
11.662674  3.765983  0  0.002464   -0.000213  -492.295537   -144.295785  -0.226442
11.912621  2.866035  0  0.002548   -0.000154  -511.062111   -154.232451  16.632878
10.289949  3.227002  0  0.002487   -0.000297  -261.899303   -126.563358  164.628217
10.472539  2.546297  0  0.002546   -0.000231  -342.230671   -51.690685  -204.282701
10.559878  6.434926  0  0.002083   -0.000429  -47.862149   11.723156  -44.703208
10.048688  6.113895  0  0.002108   -0.000469  471.768223   96.448753  40.108517
9.545831  5.828799  0  0.002134   -0.000520  488.300621   101.066315  28.852276
9.054945  5.512990  0  0.002172   -0.000581  -117.672642   134.431749  -227.699237
10.465304  5.277599  0  0.002248   -0.000388  267.663304   9.637352  139.985628
11.010753  5.552659  0  0.002230   -0.000347  -483.112897   -128.612668  -13.721033
9.368592  4.920610  0  0.002270   -0.000513  -238.815460   -84.983460  41.244145
9.892708  5.160126  0  0.002246   -0.000448  -145.505119   -140.748418  195.064379
9.666486  4.342720  0  0.002354   -0.000443  -523.927737   -92.666716  -95.857032
10.091519  4.604730  0  0.002327   -0.000400  909.810163   311.736066  -140.801392
8.909138  7.546009  0  0.001810   -0.000658  9.625291   -42.813741  45.199853
9.518373  6.843876  0  0.001965   -0.000559  427.243428   62.038337  44.715147
9.345124  7.993813  0  0.001761   -0.000622  -325.907558   -36.378590  -23.997891
9.984952  7.236883  0  0.001927   -0.000521  -385.509026   -66.238798  -32.189396
8.253895  6.558155  0  0.001966   -0.000729  -413.395693   -196.393056  125.610508
8.626006  7.003403  0  0.001894   -0.000680  6.139472   -50.062013  52.639559
7.862657  7.055321  0  0.001852   -0.000794  -710.939485   -201.177514  96.410137
8.217023  7.407729  0  0.001797   -0.000747  258.517598   -74.082673  95.404039
8.681633  6.044069  0  0.002073   -0.000653  -33.694275   175.884525  -216.575004
9.109195  6.432889  0  0.002017   -0.000598  445.828409   68.397079  36.184765
4.748286  11.416746  0  0.000751   -0.001228  36.603006   84.131406  -24.343677
4.588413  10.859399  0  0.000800   -0.001227  8.167505   -273.171737  15.938754
4.550665  10.247776  0  0.000885   -0.001214  60.042966   -27.718937  -23.212431
4.347314  9.685349  0  0.000960   -0.001217  230.462797   249.991909  -130.670766
7.248020  10.006597  0  0.001243   -0.000935  14.069114   65.723003  -29.814778
6.857791  9.557688  0  0.001278   -0.000965  182.762298   -93.461482  14.418577
6.442794  9.143281  0  0.001316   -0.001003  193.148060   -92.949281  11.372734
6.051953  8.701578  0  0.001375   -0.001043  138.763565   363.457242  -171.833600
7.541090  8.947687  0  0.001453   -0.000868  9.446492   -195.486461  112.125733
7.992391  9.364844  0  0.001421   -0.000828  -210.772849   40.980617  -18.799563
6.562290  8.274761  0  0.001515   -0.000980  -148.869085   -39.579624  31.056843
7.004239  8.660380  0  0.001464   -0.000927  -245.751265   -265.472991  156.905099
7.049036  7.879212  0  0.001637   -0.000915  -173.538241   150.059989  -92.145669
7.397435  8.247917  0  0.001579   -0.000871  580.075077   157.157924  -101.354813
5.401724  10.496459  0  0.000958   -0.001143  -37.790202   -97.380594  31.651868
6.157685  10.062455  0  0.001117   -0.001055  125.718819   -142.554545  12.129270
5.638020  11.036203  0  0.000910   -0.001136  -71.181316   178.261347  -1.693338
6.474492  10.564651  0  0.001074   -0.001037  -131.750713   122.511839  -2.011816
4.930993  9.408032  0  0.001097   -0.001165  -251.827609   -132.855912  107.330508
5.184372  9.946609  0  0.001022   -0.001151  -45.860918   -104.476114  37.263704
5.509302  9.077868  0  0.001237   -0.001105  179.261641   378.922507  -162.466468
5.834730  9.570957  0  0.001169   -0.001078  139.309532   -137.316379  10.646079
2.887525  11.918630  0  0.000446   -0.001373  37.372344   85.014116  -23.271039
2.731388  11.214510  0  0.000482   -0.001362  -29.349400   -231.889050  -13.342777
2.546862  10.495880  0  0.000527   -0.001347  172.191622   333.333244  -113.369029
3.626035  11.015414  0  0.000642   -0.001305  -52.027675   -87.032690  33.778671
3.822060  11.695098  0  0.000597   -0.001308  8.172708   229.586779  11.367890
3.207083  10.308102  0  0.000670   -0.001308  -111.546014   77.175281  79.364695
3.762497  9.960740  0  0.000819   -0.001265  -200.693591   117.667681  95.895820
3.989867  10.417815  0  0.000779   -0.001262  -62.620594   -336.033690  51.510928
0.979638  11.565670  0  0.000167   -0.001434  -28.627723   -71.466196  26.525178
1.876339  11.397872  0  0.000327   -0.001404  -53.568605   -258.280880  -17.704348
0.983789  12.258038  0  0.000148   -0.001452  82.526682   304.521877  22.289994
1.948081  12.101759  0  0.000297   -0.001421  62.269796   271.806702  15.041888
1.188025  10.723192  0  0.000243   -0.001396  -26.590951   65.563492  97.332032
0.593572  10.616270  0  0.000126   -0.001398  116.317826   368.215375  -36.482156
0.512503  11.138657  0  0.000097   -0.001422  -100.432669   -422.943059  -138.216021
1.857633  10.641849  0  0.000381   -0.001377  141.549029   267.882486  -108.989718
64.000000  105.000000  62.000000  63.000000
106.000000  42.000000  43.000000  44.000000
105.000000  107.000000  61.000000  62.000000
108.000000  106.000000  44.000000  45.000000
65.000000  109.000000  105.000000  64.000000
110.000000  41.000000  42.000000  106.000000
107.000000  112.000000  60.000000  61.000000
113.000000  108.000000  45.000000  46.000000
109.000000  114.000000  107.000000  105.000000
115.000000  110.000000  106.000000  108.000000
118.000000  40.000000  41.000000  110.000000
109.000000  65.000000  111.000000  116.000000
66.000000  117.000000  111.000000  65.000000
112.000000  119.000000  59.000000  60.000000
120.000000  113.000000  46.000000  47.000000
114.000000  121.000000  112.000000  107.000000
122.000000  115.000000  108.000000  113.000000
114.000000  109.000000  116.000000  123.000000
125.000000  118.000000  110.000000  115.000000
124.000000  116.000000  111.000000  117.000000
117.000000  66.000000  67.000000  126.000000
127.000000  39.000000  40.000000  118.000000
119.000000  129.000000  58.000000  59.000000
128.000000  120.000000  47.000000  48.000000
121.000000  130.000000  119.000000  112.000000
131.000000  122.000000  113.000000  120.000000
121.000000  114.000000  123.000000  133.000000
132.000000  128.000000  48.000000  49.000000
129.000000  134.000000  57.000000  58.000000
136.000000  125.000000  115.000000  122.000000
123.000000  116.000000  124.000000  135.000000
124.000000  117.000000  126.000000  137.000000
138.000000  127.000000  118.000000  125.000000
67.000000  68.000000  139.000000  126.000000
140.000000  38.000000  39.000000  127.000000
130.000000  144.000000  129.000000  119.000000
142.000000  132.000000  49.000000  50.000000
143.000000  131.000000  120.000000  128.000000
56.000000  57.000000  134.000000  146.000000
133.000000  148.000000  130.000000  121.000000
150.000000  136.000000  122.000000  131.000000
147.000000  142.000000  50.000000  51.000000
54.000000  55.000000  141.000000  145.000000
133.000000  123.000000  135.000000  152.000000
55.000000  56.000000  146.000000  154.000000
135.000000  124.000000  137.000000  153.000000
156.000000  138.000000  125.000000  136.000000
53.000000  54.000000  145.000000  149.000000
126.000000  139.000000  158.000000  137.000000
155.000000  143.000000  128.000000  132.000000
52.000000  53.000000  149.000000  151.000000
157.000000  51.000000  52.000000  151.000000
161.000000  140.000000  127.000000  138.000000
144.000000  159.000000  134.000000  129.000000
160.000000  139.000000  68.000000  69.000000
162.000000  37.000000  38.000000  140.000000
154.000000  163.000000  141.000000  55.000000
144.000000  130.000000  148.000000  165.000000
166.000000  150.000000  131.000000  143.000000
167.000000  155.000000  132.000000  142.000000
152.000000  168.000000  148.000000  133.000000
184.000000  147.000000  51.000000  157.000000
164.000000  145.000000  141.000000  163.000000
146.000000  134.000000  159.000000  173.000000
169.000000  156.000000  136.000000  150.000000
152.000000  135.000000  153.000000  170.000000
137.000000  158.000000  175.000000  153.000000
177.000000  161.000000  138.000000  156.000000
176.000000  158.000000  139.000000  160.000000
149.000000  145.000000  164.000000  171.000000
174.000000  167.000000  142.000000  147.000000
180.000000  160.000000  69.000000  70.000000
181.000000  162.000000  140.000000  161.000000
183.000000  36.000000  37.000000  162.000000
182.000000  166.000000  143.000000  155.000000
159.000000  144.000000  165.000000  186.000000
151.000000  149.000000  171.000000  178.000000
151.000000  172.000000  185.000000  157.000000
154.000000  146.000000  173.000000  191.000000
165.000000  148.000000  168.000000  189.000000
190.000000  169.000000  150.000000  166.000000
154.000000  191.000000  179.000000  163.000000
187.000000  164.000000  163.000000  179.000000
170.000000  192.000000  168.000000  152.000000
193.000000  182.000000  155.000000  167.000000
196.000000  172.000000  151.000000  178.000000
153.000000  175.000000  194.000000  170.000000
195.000000  177.000000  156.000000  169.000000
157.000000  185.000000  188.000000  184.000000
197.000000  175.000000  158.000000  176.000000
174.000000  147.000000  184.000000  210.000000
199.000000  176.000000  160.000000  180.000000
173.000000  159.000000  186.000000  201.000000
200.000000  181.000000  161.000000  177.000000
70.000000  71.000000  202.000000  180.000000
203.000000  183.000000  162.000000  181.000000
171.000000  164.000000  187.000000  198.000000
204.000000  35.000000  36.000000  183.000000
205.000000  193.000000  167.000000  174.000000
188.000000  185.000000  172.000000  196.000000
206.000000  190.000000  166.000000  182.000000
186.000000  165.000000  189.000000  209.000000
178.000000  171.000000  198.000000  208.000000
207.000000  187.000000  179.000000  191.000000
189.000000  168.000000  192.000000  211.000000
212.000000  195.000000  169.000000  190.000000
170.000000  194.000000  213.000000  192.000000
184.000000  188.000000  196.000000  214.000000
191.000000  173.000000  201.000000  215.000000
216.000000  194.000000  175.000000  197.000000
217.000000  200.000000  177.000000  195.000000
218.000000  197.000000  176.000000  199.000000
219.000000  206.000000  182.000000  193.000000
180.000000  202.000000  220.000000  199.000000
221.000000  203.000000  181.000000  200.000000
222.000000  202.000000  71.000000  72.000000
224.000000  204.000000  183.000000  203.000000
225.000000  34.000000  35.000000  204.000000
178.000000  208.000000  227.000000  196.000000
198.000000  187.000000  207.000000  223.000000
201.000000  186.000000  209.000000  226.000000
235.000000  205.000000  174.000000  210.000000
228.000000  212.000000  190.000000  206.000000
209.000000  189.000000  211.000000  230.000000
184.000000  214.000000  235.000000  210.000000
215.000000  231.000000  207.000000  191.000000
229.000000  219.000000  193.000000  205.000000
192.000000  213.000000  234.000000  211.000000
208.000000  198.000000  223.000000  233.000000
236.000000  213.000000  194.000000  216.000000
237.000000  217.000000  195.000000  212.000000
238.000000  216.000000  197.000000  218.000000
199.000000  220.000000  239.000000  218.000000
240.000000  221.000000  200.000000  217.000000
196.000000  227.000000  248.000000  214.000000
215.000000  201.000000  226.000000  241.000000
242.000000  220.000000  202.000000  222.000000
243.000000  224.000000  203.000000  221.000000
244.000000  222.000000  72.000000  73.000000
245.000000  225.000000  204.000000  224.000000
246.000000  33.000000  34.000000  225.000000
247.000000  228.000000  206.000000  219.000000
231.000000  250.000000  223.000000  207.000000
226.000000  209.000000  232.000000  249.000000
254.000000  227.000000  208.000000  233.000000
230.000000  251.000000  232.000000  209.000000
235.000000  261.000000  229.000000  205.000000
211.000000  234.000000  253.000000  230.000000
252.000000  237.000000  212.000000  228.000000
255.000000  234.000000  213.000000  236.000000
241.000000  258.000000  231.000000  215.000000
257.000000  236.000000  216.000000  238.000000
256.000000  247.000000  219.000000  229.000000
259.000000  240.000000  217.000000  237.000000
218.000000  239.000000  260.000000  238.000000
214.000000  248.000000  271.000000  235.000000
263.000000  239.000000  220.000000  242.000000
264.000000  243.000000  221.000000  240.000000
233.000000  223.000000  250.000000  262.000000
265.000000  242.000000  222.000000  244.000000
266.000000  245.000000  224.000000  243.000000
267.000000  244.000000  73.000000  74.000000
268.000000  246.000000  225.000000  245.000000
269.000000  32.000000  33.000000  246.000000
241.000000  226.000000  249.000000  270.000000
272.000000  252.000000  228.000000  247.000000
275.000000  248.000000  227.000000  254.000000
273.000000  249.000000  232.000000  251.000000
230.000000  253.000000  274.000000  251.000000
258.000000  279.000000  250.000000  231.000000
234.000000  255.000000  276.000000  253.000000
278.000000  259.000000  237.000000  252.000000
280.000000  255.000000  236.000000  257.000000
284.000000  254.000000  233.000000  262.000000
256.000000  229.000000  261.000000  293.000000
238.000000  260.000000  281.000000  257.000000
282.000000  264.000000  240.000000  259.000000
283.000000  260.000000  239.000000  263.000000
270.000000  288.000000  258.000000  241.000000
285.000000  263.000000  242.000000  265.000000
287.000000  266.000000  243.000000  264.000000
289.000000  265.000000  244.000000  267.000000
271.000000  296.000000  261.000000  235.000000
286.000000  272.000000  247.000000  256.000000
291.000000  268.000000  245.000000  266.000000
290.000000  267.000000  74.000000  75.000000
292.000000  269.000000  246.000000  268.000000
30.000000  31.000000  32.000000  269.000000
270.000000  249.000000  273.000000  295.000000
262.000000  250.000000  277.000000  294.000000
248.000000  275.000000  301.000000  271.000000
251.000000  274.000000  297.000000  273.000000
298.000000  278.000000  252.000000  272.000000
253.000000  276.000000  299.000000  274.000000
279.000000  300.000000  277.000000  250.000000
302.000000  276.000000  255.000000  280.000000
257.000000  281.000000  303.000000  280.000000
310.000000  275.000000  254.000000  284.000000
304.000000  282.000000  259.000000  278.000000
288.000000  306.000000  279.000000  258.000000
305.000000  281.000000  260.000000  283.000000
307.000000  283.000000  263.000000  285.000000
308.000000  287.000000  264.000000  282.000000
309.000000  285.000000  265.000000  289.000000
286.000000  256.000000  293.000000  318.000000
311.000000  291.000000  266.000000  287.000000
312.000000  289.000000  267.000000  290.000000
315.000000  284.000000  262.000000  294.000000
313.000000  290.000000  75.000000  76.000000
314.000000  292.000000  268.000000  291.000000
29.000000  30.000000  269.000000  292.000000
295.000000  316.000000  288.000000  270.000000
293.000000  261.000000  296.000000  320.000000
317.000000  298.000000  272.000000  286.000000
273.000000  297.000000  319.000000  295.000000
301.000000  325.000000  296.000000  271.000000
321.000000  294.000000  277.000000  300.000000
274.000000  299.000000  322.000000  297.000000
323.000000  299.000000  276.000000  302.000000
324.000000  304.000000  278.000000  298.000000
280.000000  303.000000  326.000000  302.000000
306.000000  328.000000  300.000000  279.000000
275.000000  310.000000  334.000000  301.000000
327.000000  303.000000  281.000000  305.000000
329.000000  308.000000  282.000000  304.000000
330.000000  305.000000  283.000000  307.000000
331.000000  307.000000  285.000000  309.000000
332.000000  311.000000  287.000000  308.000000
333.000000  309.000000  289.000000  312.000000
335.000000  312.000000  290.000000  313.000000
336.000000  314.000000  291.000000  311.000000
316.000000  338.000000  306.000000  288.000000
339.000000  310.000000  284.000000  315.000000
337.000000  313.000000  76.000000  77.000000
28.000000  29.000000  292.000000  314.000000
317.000000  286.000000  318.000000  344.000000
295.000000  319.000000  340.000000  316.000000
342.000000  315.000000  294.000000  321.000000
318.000000  293.000000  320.000000  346.000000
297.000000  322.000000  341.000000  319.000000
343.000000  324.000000  298.000000  317.000000
345.000000  322.000000  299.000000  323.000000
320.000000  296.000000  325.000000  350.000000
328.000000  348.000000  321.000000  300.000000
302.000000  326.000000  347.000000  323.000000
303.000000  327.000000  349.000000  326.000000
351.000000  329.000000  304.000000  324.000000
352.000000  327.000000  305.000000  330.000000
334.000000  357.000000  325.000000  301.000000
353.000000  330.000000  307.000000  331.000000
354.000000  332.000000  308.000000  329.000000
338.000000  358.000000  328.000000  306.000000
355.000000  331.000000  309.000000  333.000000
356.000000  333.000000  312.000000  335.000000
359.000000  336.000000  311.000000  332.000000
360.000000  335.000000  313.000000  337.000000
27.000000  28.000000  314.000000  336.000000
77.000000  78.000000  361.000000  337.000000
362.000000  334.000000  310.000000  339.000000
316.000000  340.000000  363.000000  338.000000
365.000000  339.000000  315.000000  342.000000
319.000000  341.000000  364.000000  340.000000
343.000000  317.000000  344.000000  368.000000
322.000000  345.000000  366.000000  341.000000
344.000000  318.000000  346.000000  371.000000
370.000000  342.000000  321.000000  348.000000
323.000000  347.000000  367.000000  345.000000
369.000000  351.000000  324.000000  343.000000
346.000000  320.000000  350.000000  374.000000
326.000000  349.000000  372.000000  347.000000
373.000000  349.000000  327.000000  352.000000
376.000000  354.000000  329.000000  351.000000
375.000000  352.000000  330.000000  353.000000
350.000000  325.000000  357.000000  382.000000
358.000000  378.000000  348.000000  328.000000
377.000000  353.000000  331.000000  355.000000
379.000000  355.000000  333.000000  356.000000
380.000000  359.000000  332.000000  354.000000
381.000000  356.000000  335.000000  360.000000
337.000000  361.000000  383.000000  360.000000
26.000000  27.000000  336.000000  359.000000
384.000000  361.000000  78.000000  79.000000
386.000000  357.000000  334.000000  362.000000
338.000000  363.000000  385.000000  358.000000
340.000000  364.000000  387.000000  363.000000
388.000000  362.000000  339.000000  365.000000
341.000000  366.000000  389.000000  364.000000
391.000000  365.000000  342.000000  370.000000
345.000000  367.000000  390.000000  366.000000
369.000000  343.000000  368.000000  394.000000
368.000000  344.000000  371.000000  395.000000
347.000000  372.000000  392.000000  367.000000
393.000000  372.000000  349.000000  373.000000
374.000000  399.000000  371.000000  346.000000
396.000000  376.000000  351.000000  369.000000
398.000000  370.000000  348.000000  378.000000
397.000000  373.000000  352.000000  375.000000
400.000000  375.000000  353.000000  377.000000
374.000000  350.000000  382.000000  405.000000
402.000000  380.000000  354.000000  376.000000
401.000000  377.000000  355.000000  379.000000
403.000000  379.000000  356.000000  381.000000
358.000000  385.000000  406.000000  378.000000
360.000000  383.000000  404.000000  381.000000
25.000000  26.000000  359.000000  380.000000
407.000000  383.000000  361.000000  384.000000
81.000000  384.000000  79.000000  80.000000
408.000000  382.000000  357.000000  386.000000
363.000000  387.000000  409.000000  385.000000
410.000000  386.000000  362.000000  388.000000
364.000000  389.000000  411.000000  387.000000
366.000000  390.000000  412.000000  389.000000
413.000000  388.000000  365.000000  391.000000
367.000000  392.000000  414.000000  390.000000
415.000000  392.000000  372.000000  393.000000
417.000000  391.000000  370.000000  398.000000
394.000000  368.000000  395.000000  418.000000
396.000000  369.000000  394.000000  419.000000
416.000000  393.000000  373.000000  397.000000
399.000000  421.000000  395.000000  371.000000
420.000000  397.000000  375.000000  400.000000
423.000000  402.000000  376.000000  396.000000
422.000000  400.000000  377.000000  401.000000
405.000000  427.000000  399.000000  374.000000
378.000000  406.000000  425.000000  398.000000
424.000000  401.000000  379.000000  403.000000
381.000000  404.000000  426.000000  403.000000
24.000000  25.000000  380.000000  402.000000
428.000000  404.000000  383.000000  407.000000
82.000000  407.000000  384.000000  81.000000
430.000000  405.000000  382.000000  408.000000
429.000000  406.000000  385.000000  409.000000
432.000000  408.000000  386.000000  410.000000
387.000000  411.000000  431.000000  409.000000
389.000000  412.000000  433.000000  411.000000
434.000000  410.000000  388.000000  413.000000
390.000000  414.000000  435.000000  412.000000
392.000000  415.000000  436.000000  414.000000
437.000000  413.000000  391.000000  417.000000
438.000000  415.000000  393.000000  416.000000
439.000000  416.000000  397.000000  420.000000
419.000000  394.000000  418.000000  441.000000
418.000000  395.000000  421.000000  443.000000
423.000000  396.000000  419.000000  445.000000
398.000000  425.000000  442.000000  417.000000
440.000000  420.000000  400.000000  422.000000
444.000000  422.000000  401.000000  424.000000
427.000000  448.000000  421.000000  399.000000
403.000000  426.000000  446.000000  424.000000
23.000000  24.000000  402.000000  423.000000
447.000000  426.000000  404.000000  428.000000
83.000000  428.000000  407.000000  82.000000
449.000000  425.000000  406.000000  429.000000
450.000000  427.000000  405.000000  430.000000
451.000000  429.000000  409.000000  431.000000
452.000000  430.000000  408.000000  432.000000
411.000000  433.000000  453.000000  431.000000
454.000000  432.000000  410.000000  434.000000
412.000000  435.000000  455.000000  433.000000
414.000000  436.000000  456.000000  435.000000
457.000000  434.000000  413.000000  437.000000
458.000000  436.000000  415.000000  438.000000
459.000000  438.000000  416.000000  439.000000
417.000000  442.000000  460.000000  437.000000
461.000000  439.000000  420.000000  440.000000
441.000000  418.000000  443.000000  463.000000
462.000000  440.000000  422.000000  444.000000
445.000000  419.000000  441.000000  464.000000
424.000000  446.000000  465.000000  444.000000
443.000000  421.000000  448.000000  468.000000
23.000000  423.000000  445.000000  22.000000
467.000000  442.000000  425.000000  449.000000
466.000000  446.000000  426.000000  447.000000
84.000000  447.000000  428.000000  83.000000
469.000000  448.000000  427.000000  450.000000
470.000000  449.000000  429.000000  451.000000
471.000000  450.000000  430.000000  452.000000
431.000000  453.000000  472.000000  451.000000
473.000000  452.000000  432.000000  454.000000
433.000000  455.000000  474.000000  453.000000
476.000000  454.000000  434.000000  457.000000
435.000000  456.000000  475.000000  455.000000
477.000000  456.000000  436.000000  458.000000
478.000000  458.000000  438.000000  459.000000
437.000000  460.000000  479.000000  457.000000
480.000000  459.000000  439.000000  461.000000
481.000000  461.000000  440.000000  462.000000
483.000000  460.000000  442.000000  467.000000
444.000000  465.000000  482.000000  462.000000
464.000000  441.000000  463.000000  484.000000
485.000000  465.000000  446.000000  466.000000
463.000000  443.000000  468.000000  486.000000
22.000000  445.000000  464.000000  21.000000
85.000000  466.000000  447.000000  84.000000
487.000000  468.000000  448.000000  469.000000
488.000000  467.000000  449.000000  470.000000
489.000000  469.000000  450.000000  471.000000
451.000000  472.000000  491.000000  470.000000
490.000000  471.000000  452.000000  473.000000
492.000000  472.000000  453.000000  474.000000
493.000000  473.000000  454.000000  476.000000
455.000000  475.000000  494.000000  474.000000
495.000000  475.000000  456.000000  477.000000
457.000000  479.000000  497.000000  476.000000
496.000000  477.000000  458.000000  478.000000
498.000000  478.000000  459.000000  480.000000
499.000000  480.000000  461.000000  481.000000
502.000000  479.000000  460.000000  483.000000
462.000000  482.000000  500.000000  481.000000
465.000000  485.000000  503.000000  482.000000
21.000000  464.000000  484.000000  20.000000
484.000000  463.000000  486.000000  504.000000
86.000000  485.000000  466.000000  85.000000
505.000000  486.000000  468.000000  487.000000
507.000000  483.000000  467.000000  488.000000
506.000000  487.000000  469.000000  489.000000
508.000000  489.000000  471.000000  490.000000
470.000000  491.000000  509.000000  488.000000
511.000000  491.000000  472.000000  492.000000
510.000000  490.000000  473.000000  493.000000
476.000000  497.000000  501.000000  493.000000
512.000000  492.000000  474.000000  494.000000
513.000000  494.000000  475.000000  495.000000
514.000000  495.000000  477.000000  496.000000
516.000000  496.000000  478.000000  498.000000
517.000000  498.000000  480.000000  499.000000
519.000000  497.000000  479.000000  502.000000
481.000000  500.000000  518.000000  499.000000
482.000000  503.000000  520.000000  500.000000
485.000000  86.000000  87.000000  503.000000
20.000000  484.000000  504.000000  19.000000
521.000000  504.000000  486.000000  505.000000
524.000000  502.000000  483.000000  507.000000
522.000000  505.000000  487.000000  506.000000
510.000000  493.000000  501.000000  515.000000
525.000000  506.000000  489.000000  508.000000
488.000000  509.000000  526.000000  507.000000
527.000000  508.000000  490.000000  510.000000
528.000000  509.000000  491.000000  511.000000
523.000000  515.000000  501.000000  497.000000
529.000000  511.000000  492.000000  512.000000
530.000000  512.000000  494.000000  513.000000
531.000000  513.000000  495.000000  514.000000
532.000000  514.000000  496.000000  516.000000
533.000000  516.000000  498.000000  517.000000
499.000000  518.000000  534.000000  517.000000
500.000000  520.000000  536.000000  518.000000
540.000000  523.000000  497.000000  519.000000
503.000000  87.000000  88.000000  520.000000
538.000000  519.000000  502.000000  524.000000
18.000000  19.000000  504.000000  521.000000
537.000000  521.000000  505.000000  522.000000
535.000000  527.000000  510.000000  515.000000
539.000000  522.000000  506.000000  525.000000
507.000000  526.000000  542.000000  524.000000
541.000000  525.000000  508.000000  527.000000
543.000000  526.000000  509.000000  528.000000
545.000000  528.000000  511.000000  529.000000
546.000000  529.000000  512.000000  530.000000
544.000000  535.000000  515.000000  523.000000
547.000000  530.000000  513.000000  531.000000
548.000000  531.000000  514.000000  532.000000
549.000000  532.000000  516.000000  533.000000
517.000000  534.000000  550.000000  533.000000
518.000000  536.000000  551.000000  534.000000
520.000000  88.000000  89.000000  536.000000
17.000000  18.000000  521.000000  537.000000
553.000000  537.000000  522.000000  539.000000
555.000000  540.000000  519.000000  538.000000
552.000000  541.000000  527.000000  535.000000
554.000000  539.000000  525.000000  541.000000
524.000000  542.000000  556.000000  538.000000
557.000000  544.000000  523.000000  540.000000
558.000000  542.000000  526.000000  543.000000
559.000000  543.000000  528.000000  545.000000
560.000000  545.000000  529.000000  546.000000
561.000000  546.000000  530.000000  547.000000
562.000000  547.000000  531.000000  548.000000
563.000000  548.000000  532.000000  549.000000
533.000000  550.000000  564.000000  549.000000
565.000000  552.000000  535.000000  544.000000
566.000000  550.000000  534.000000  551.000000
536.000000  89.000000  90.000000  551.000000
16.000000  17.000000  537.000000  553.000000
568.000000  553.000000  539.000000  554.000000
567.000000  554.000000  541.000000  552.000000
538.000000  556.000000  570.000000  555.000000
569.000000  557.000000  540.000000  555.000000
571.000000  556.000000  542.000000  558.000000
572.000000  558.000000  543.000000  559.000000
573.000000  559.000000  545.000000  560.000000
575.000000  565.000000  544.000000  557.000000
574.000000  560.000000  546.000000  561.000000
576.000000  561.000000  547.000000  562.000000
577.000000  562.000000  548.000000  563.000000
549.000000  564.000000  578.000000  563.000000
580.000000  564.000000  550.000000  566.000000
91.000000  566.000000  551.000000  90.000000
579.000000  567.000000  552.000000  565.000000
15.000000  16.000000  553.000000  568.000000
581.000000  568.000000  554.000000  567.000000
555.000000  570.000000  582.000000  569.000000
584.000000  570.000000  556.000000  571.000000
583.000000  575.000000  557.000000  569.000000
585.000000  571.000000  558.000000  572.000000
586.000000  572.000000  559.000000  573.000000
587.000000  573.000000  560.000000  574.000000
588.000000  574.000000  561.000000  576.000000
589.000000  576.000000  562.000000  577.000000
563.000000  578.000000  591.000000  577.000000
590.000000  579.000000  565.000000  575.000000
592.000000  578.000000  564.000000  580.000000
92.000000  580.000000  566.000000  91.000000
593.000000  581.000000  567.000000  579.000000
14.000000  15.000000  568.000000  581.000000
569.000000  582.000000  594.000000  583.000000
595.000000  582.000000  570.000000  584.000000
598.000000  584.000000  571.000000  585.000000
596.000000  590.000000  575.000000  583.000000
597.000000  585.000000  572.000000  586.000000
599.000000  586.000000  573.000000  587.000000
600.000000  587.000000  574.000000  588.000000
601.000000  588.000000  576.000000  589.000000
577.000000  591.000000  602.000000  589.000000
604.000000  591.000000  578.000000  592.000000
603.000000  593.000000  579.000000  590.000000
93.000000  592.000000  580.000000  92.000000
13.000000  14.000000  581.000000  593.000000
605.000000  594.000000  582.000000  595.000000
583.000000  594.000000  606.000000  596.000000
609.000000  595.000000  584.000000  598.000000
607.000000  598.000000  585.000000  597.000000
608.000000  597.000000  586.000000  599.000000
610.000000  599.000000  587.000000  600.000000
611.000000  600.000000  588.000000  601.000000
612.000000  603.000000  590.000000  596.000000
589.000000  602.000000  613.000000  601.000000
614.000000  602.000000  591.000000  604.000000
94.000000  604.000000  592.000000  93.000000
12.000000  13.000000  593.000000  603.000000
618.000000  606.000000  594.000000  605.000000
619.000000  605.000000  595.000000  609.000000
615.000000  607.000000  597.000000  608.000000
616.000000  609.000000  598.000000  607.000000
617.000000  608.000000  599.000000  610.000000
596.000000  606.000000  621.000000  612.000000
620.000000  610.000000  600.000000  611.000000
601.000000  613.000000  622.000000  611.000000
623.000000  613.000000  602.000000  614.000000
11.000000  12.000000  603.000000  612.000000
95.000000  614.000000  604.000000  94.000000
624.000000  616.000000  607.000000  615.000000
625.000000  615.000000  608.000000  617.000000
628.000000  618.000000  605.000000  619.000000
626.000000  619.000000  609.000000  616.000000
627.000000  617.000000  610.000000  620.000000
630.000000  621.000000  606.000000  618.000000
611.000000  622.000000  629.000000  620.000000
631.000000  622.000000  613.000000  623.000000
612.000000  621.000000  10.000000  11.000000
96.000000  623.000000  614.000000  95.000000
632.000000  624.000000  615.000000  625.000000
633.000000  626.000000  616.000000  624.000000
634.000000  625.000000  617.000000  627.000000
635.000000  628.000000  619.000000  626.000000
620.000000  629.000000  636.000000  627.000000
637.000000  630.000000  618.000000  628.000000
638.000000  629.000000  622.000000  631.000000
621.000000  630.000000  9.000000  10.000000
97.000000  631.000000  623.000000  96.000000
639.000000  633.000000  624.000000  632.000000
640.000000  632.000000  625.000000  634.000000
641.000000  635.000000  626.000000  633.000000
627.000000  636.000000  642.000000  634.000000
643.000000  637.000000  628.000000  635.000000
644.000000  636.000000  629.000000  638.000000
630.000000  637.000000  8.000000  9.000000
98.000000  638.000000  631.000000  97.000000
645.000000  639.000000  632.000000  640.000000
646.000000  641.000000  633.000000  639.000000
634.000000  642.000000  647.000000  640.000000
648.000000  643.000000  635.000000  641.000000
649.000000  642.000000  636.000000  644.000000
7.000000  8.000000  637.000000  643.000000
99.000000  644.000000  638.000000  98.000000
650.000000  646.000000  639.000000  645.000000
640.000000  647.000000  651.000000  645.000000
652.000000  648.000000  641.000000  646.000000
653.000000  647.000000  642.000000  649.000000
6.000000  7.000000  643.000000  648.000000
100.000000  649.000000  644.000000  99.000000
645.000000  651.000000  654.000000  650.000000
655.000000  652.000000  646.000000  650.000000
656.000000  651.000000  647.000000  653.000000
5.000000  6.000000  648.000000  652.000000
101.000000  653.000000  649.000000  100.000000
650.000000  654.000000  657.000000  655.000000
658.000000  654.000000  651.000000  656.000000
4.000000  5.000000  652.000000  655.000000
102.000000  656.000000  653.000000  101.000000
659.000000  657.000000  654.000000  658.000000
655.000000  657.000000  3.000000  4.000000
103.000000  658.000000  656.000000  102.000000
2.000000  3.000000  657.000000  659.000000
104.000000  659.000000  658.000000  103.000000
1.000000  2.000000  659.000000  104.000000
702.000000  704.000000  705.000000  701.000000
701.000000  705.000000  62.000000  61.000000
704.000000  689.000000  690.000000  705.000000
705.000000  690.000000  63.000000  62.000000
683.000000  684.000000  706.000000  703.000000
703.000000  706.000000  704.000000  702.000000
687.000000  707.000000  685.000000  686.000000
707.000000  706.000000  684.000000  685.000000
706.000000  707.000000  708.000000  704.000000
689.000000  704.000000  708.000000  688.000000
687.000000  688.000000  708.000000  707.000000
699.000000  709.000000  711.000000  698.000000
698.000000  711.000000  59.000000  58.000000
709.000000  710.000000  712.000000  711.000000
711.000000  712.000000  60.000000  59.000000
710.000000  702.000000  701.000000  712.000000
712.000000  701.000000  61.000000  60.000000
680.000000  681.000000  713.000000  700.000000
700.000000  713.000000  709.000000  699.000000
703.000000  714.000000  682.000000  683.000000
714.000000  713.000000  681.000000  682.000000
702.000000  710.000000  714.000000  703.000000
710.000000  709.000000  713.000000  714.000000
716.000000  719.000000  720.000000  715.000000
715.000000  720.000000  57.000000  56.000000
719.000000  699.000000  698.000000  720.000000
720.000000  698.000000  58.000000  57.000000
677.000000  678.000000  721.000000  718.000000
718.000000  721.000000  722.000000  717.000000
717.000000  722.000000  719.000000  716.000000
700.000000  723.000000  679.000000  680.000000
723.000000  721.000000  678.000000  679.000000
719.000000  722.000000  724.000000  699.000000
700.000000  699.000000  724.000000  723.000000
722.000000  721.000000  723.000000  724.000000
696.000000  725.000000  727.000000  695.000000
695.000000  727.000000  54.000000  53.000000
725.000000  726.000000  728.000000  727.000000
727.000000  728.000000  55.000000  54.000000
726.000000  716.000000  715.000000  728.000000
728.000000  715.000000  56.000000  55.000000
729.000000  731.000000  674.000000  675.000000
731.000000  697.000000  673.000000  674.000000
697.000000  731.000000  732.000000  696.000000
725.000000  696.000000  732.000000  730.000000
729.000000  730.000000  732.000000  731.000000
718.000000  733.000000  676.000000  677.000000
733.000000  729.000000  675.000000  676.000000
716.000000  726.000000  734.000000  717.000000
717.000000  734.000000  733.000000  718.000000
726.000000  725.000000  730.000000  734.000000
734.000000  730.000000  729.000000  733.000000
740.000000  743.000000  744.000000  739.000000
739.000000  744.000000  52.000000  51.000000
743.000000  696.000000  695.000000  744.000000
744.000000  695.000000  53.000000  52.000000
670.000000  671.000000  745.000000  742.000000
742.000000  745.000000  746.000000  741.000000
741.000000  746.000000  743.000000  740.000000
697.000000  747.000000  672.000000  673.000000
747.000000  745.000000  671.000000  672.000000
743.000000  746.000000  748.000000  696.000000
697.000000  696.000000  748.000000  747.000000
746.000000  745.000000  747.000000  748.000000
736.000000  749.000000  751.000000  735.000000
735.000000  751.000000  49.000000  48.000000
749.000000  750.000000  752.000000  751.000000
751.000000  752.000000  50.000000  49.000000
750.000000  740.000000  739.000000  752.000000
752.000000  739.000000  51.000000  50.000000
667.000000  668.000000  753.000000  738.000000
738.000000  753.000000  754.000000  737.000000
737.000000  754.000000  749.000000  736.000000
742.000000  755.000000  669.000000  670.000000
755.000000  753.000000  668.000000  669.000000
740.000000  750.000000  756.000000  741.000000
741.000000  756.000000  755.000000  742.000000
750.000000  749.000000  754.000000  756.000000
756.000000  754.000000  753.000000  755.000000
758.000000  760.000000  761.000000  757.000000
757.000000  761.000000  47.000000  46.000000
760.000000  736.000000  735.000000  761.000000
761.000000  735.000000  48.000000  47.000000
664.000000  665.000000  762.000000  759.000000
759.000000  762.000000  760.000000  758.000000
738.000000  763.000000  666.000000  667.000000
763.000000  762.000000  665.000000  666.000000
762.000000  763.000000  764.000000  760.000000
736.000000  760.000000  764.000000  737.000000
738.000000  737.000000  764.000000  763.000000
692.000000  765.000000  767.000000  691.000000
691.000000  767.000000  44.000000  43.000000
765.000000  766.000000  768.000000  767.000000
767.000000  768.000000  45.000000  44.000000
766.000000  758.000000  757.000000  768.000000
768.000000  757.000000  46.000000  45.000000
769.000000  770.000000  661.000000  662.000000
770.000000  694.000000  660.000000  661.000000
692.000000  693.000000  771.000000  765.000000
769.000000  765.000000  771.000000  770.000000
693.000000  694.000000  770.000000  771.000000
759.000000  772.000000  663.000000  664.000000
772.000000  769.000000  662.000000  663.000000
758.000000  766.000000  772.000000  759.000000
766.000000  765.000000  769.000000  772.000000
