            30.0            25.0  
            29.0            25.0  
            28.0            25.0  
            27.0            25.0  
            26.0            25.0  
            25.0            25.0  
            24.0            25.0  
            23.0            25.0  
            22.0            25.0  
            21.0            25.0  
            20.0            25.0  
            19.0            25.0  
            18.0            25.0  
            17.0            25.0  
            16.0            25.0  
            15.0            25.0  
            14.0            25.0  
            13.0            25.0  
            12.0            25.0  
            11.0            25.0  
            10.0            25.0  
             9.0            25.0  
             8.0            25.0  
             7.0            25.0  
             6.0            25.0  
             5.0            25.0  
             4.0            25.0  
             3.0            25.0  
             2.0            25.0  
             1.0            25.0  
             0.0            25.0  
             0.0 23.999987501875  
             0.0 22.999975003749  
             0.0 21.999962505624  
             0.0 20.999950007499  
             0.0 19.999937509374  
             0.0 18.999925011248  
             0.0 17.999912513123  
             0.0 16.999900014998  
             0.0 15.999887516872  
             0.0 14.999875018747  
             0.0 13.999862520622  
             0.0 12.999850022497  
 1.0168527618513 12.918896550181  
 2.0298892820256  12.79933742396  
 3.0375780746868 12.640910482985  
 4.0142442729401 12.356199861576  
 4.9645908535208 11.985580706325  
 5.8986523616414  11.57565258678  
 6.7905833247469 11.086367700448  
 7.6151611428968 10.485862041589  
 8.4160234457605 9.8540754198702  
 9.1922810181344 9.1922830682624  
 9.8540625570048 8.4160175348819  
 10.485847254866 7.6151510180138  
 11.086365420207 6.7905819892806  
 11.575650782915  5.898653379406  
 11.985577823448 4.9645902267365  
 12.356198106337 4.0142457974259  
 12.640911041146 3.0375782974281  
 12.799341246846 2.0298905560593  
 12.918899435209 1.0168540707945  
 12.999850022497             0.0  
 13.999858844703             0.0  
 14.999867666909             0.0  
 15.999876489115             0.0  
 16.999885311321             0.0  
 17.999894133527             0.0  
 18.999902955733             0.0  
 19.999911777939             0.0  
 20.999920600145             0.0  
 21.999929422351             0.0  
 22.999938244557             0.0  
 23.999947066764             0.0  
  24.99995588897             0.0  
 25.999964711176             0.0  
 26.999973533382             0.0  
 27.999982355588             0.0  
 28.999991177794             0.0  
            30.0             0.0  
            30.0             1.0  
            30.0             2.0  
            30.0             3.0  
            30.0             4.0  
            30.0             5.0  
            30.0             6.0  
            30.0             7.0  
            30.0             8.0  
            30.0             9.0  
            30.0            10.0  
            30.0            11.0  
            30.0            12.0  
            30.0            13.0  
            30.0            14.0  
            30.0            15.0  
            30.0            16.0  
            30.0            17.0  
            30.0            18.0  
            30.0            19.0  
            30.0            20.0  
            30.0            21.0  
            30.0            22.0  
            30.0            23.0  
            30.0            24.0  
 13.805380242447 1.0479026850155  
 1.0078384051163 13.913087933965  
 13.635793899618 2.1168652915736  
 2.0120186130724 13.800205408117  
  14.62812083398 1.1992296262805  
 1.0060015461415 14.916915475514  
 15.557742648278 0.8595340607315  
 13.459454909276 3.1644232570697  
  3.006318928041 13.640684852994  
 14.456585831889 2.2905082125468  
 2.0081922348329 14.811991944265  
 15.411323584186 1.6316432916926  
 16.283387300555 0.8928243768712  
 1.0062530125633 15.925930120881  
 13.217610051271 4.1796726404283  
  3.990525575445 13.398915481795  
 14.294277556986 3.3348655325035  
  3.000726377508 14.664402318932  
 15.290300410561 2.5585297578908  
 16.264391631741 1.8214075194497  
  2.008545429362 15.832865608005  
 17.138817505503 0.9314653121218  
  1.006487076366 16.936937849864  
 4.9491463377159 13.087630108941  
 12.916287015648 5.1556561973842  
 14.096203156371 4.3564385670718  
 3.9871039930116 14.455394258395  
 5.8902426367914 12.732488286086  
 15.156029932272 3.5395710122542  
 12.572112279856 6.0925557077556  
 16.160267156826  2.745900513771  
 3.0014809713661  15.70283268129  
 17.139716869412 1.8845861743706  
 2.0090730688101 16.857683813838  
 18.054987576531 0.9519150517644  
 1.0062395466622 17.949035461711  
 10.838194555157 8.3641158944771  
 6.7951209103908 12.348887257061  
  4.952983640705 14.191959034477  
 13.855442049218 5.3554837955708  
 10.399152781482 8.9860690644011  
 12.193834132887 6.9737405111153  
 7.6703412574095 12.076458674836  
  14.99757678451 4.5438653473584  
 9.8942237818665 9.7180804046069  
 3.9920075845106  15.52274309902  
 9.2952329449131 10.450278839305  
 16.047215017039 3.7048241487105  
 17.067750133178 2.8404900181115  
 11.839788345526 7.7421823695763  
 5.9118327196415 13.891189520925  
 3.0033064262378 16.746706715139  
 8.4484937575685  11.11681282598  
  18.04640406528 1.9173490530787  
 13.562424715874 6.3327439405937  
 19.010790976503 0.9631579383227  
 2.0089623564263 17.884447786466  
  1.005604213439 18.959973389663  
 11.513813740339 8.5174359335466  
 11.145632677584 9.3376954374066  
 14.810392733715 5.5597220504647  
 4.9696236684875 15.296853700152  
 6.8325993624912 13.606406780217  
 15.920317543274 4.6931105306827  
 3.9972563723506 16.593547833154  
 16.977165465547 3.8017180699544  
 10.729513887664 10.134414621911  
 9.4835782182203 11.295159834813  
 13.218704923256 7.3021869876741  
 7.7164296044912 13.434384703788  
 17.994341363718  2.883970023838  
 18.992981259555  1.933220795867  
 3.0045548079428 17.792689133747  
 10.355307767222 11.002907662459  
 12.140319384881 8.7936288207292  
 19.987428685949 0.9696717794662  
 2.0083153025619 18.908688166574  
 5.9561729600513 15.039017351775  
 1.0048491337042 19.969963566748  
 8.6052439222773 12.413124103276  
 9.0875776433227   11.4907662759  
 14.563949556833 6.5705626511117  
 11.976219598468   9.55868289234  
 9.2394437430866 12.039211797656  
 15.776809256372 5.7142531325061  
 4.9836652403213 16.400618664194  
 12.928056118589 8.3301998847188  
 16.880352955728 4.7703233491598  
 6.9425070089111 14.800866861858  
 17.927479381264 3.8491750041246  
 4.0006264225103 17.664977171518  
 10.068385827768 12.107259426707  
 18.952864740635 2.9037190919218  
 11.633655884838  10.43716305986  
 19.962994224078 1.9420552229989  
 3.0051866210555 18.834614975875  
 14.206171536238  7.572781368774  
 20.979395074078  0.974089051195  
 2.0075036574336 19.930758782557  
 1.0042420548346 20.977904882631  
 7.9847241419897 14.642464570318  
 5.9864419400646  16.17859870081  
  12.89463563678 9.5595439794282  
 11.252715060799 11.403703920224  
 15.607604761454 6.7943617151623  
 8.4885912471963 13.412952802798  
 16.781399112506  5.737387279352  
 4.9911747133554  17.50251134729  
 17.858169525881 4.8115453003571  
 9.6193823616885 13.220041167442  
  13.92985244065 8.6229622812906  
 18.903630841409 3.8720596126801  
 4.0026977460965 18.730582496686  
 19.929185411118 2.9143928373116  
 7.0000578855527 15.970393908198  
 20.953771677963 1.9487877406944  
 3.0055766981023  19.87286446568  
 21.977556605864 0.9776987773308  
 12.586835375965 10.631538153404  
 2.0068796249943  20.94862383262  
 1.0038465452443  21.98469130411  
 15.111354326472 7.8627429114229  
 10.924359516821 12.464567914167  
 5.9971378670599  17.31349817074  
 8.0599470046154 15.813205626295  
 16.757764208718 6.6694330023304  
 13.778112033758 9.7314176995832  
  16.16421073485 7.5908275547691  
 12.177147275185 11.668854881762  
 17.799295490184 5.7664846085204  
 9.1513810112753 14.427523891005  
   18.8539181699 4.8373637491809  
 4.9954185531365 18.597317877116  
 19.891306252841 3.8854271685096  
  20.92437968075 2.9231660289394  
 4.0042444172334 19.790578110748  
 14.875234001296 8.8987189974871  
 21.952790761792 1.9550119630096  
 3.0060532342278 20.904742419876  
 22.979539939681 0.9808611950405  
 2.0065391232071 21.964101467387  
 1.0035433492894 22.990118479082  
 7.0100919026577 17.133607197938  
 10.581568635628 13.583761434945  
 15.955265057447 8.3473028830368  
 13.562488019147 10.881526251591  
  16.93206326903 7.6165758908655  
 6.0005796931537 18.441299576269  
  17.78684203494 6.7185642685325  
 11.849940511652 12.752176028796  
 18.812248466556 5.7996201102642  
 8.0525286329613  17.00903841514  
 19.853465844603 4.8549180934867  
 14.726141214418 9.9149290792046  
 4.9987092640016 19.684352761257  
 20.893240238948 3.8968726755368  
 9.1258579132346 15.745873394557  
 13.032257450202 11.983594027897  
 21.926706209184  2.931892567267  
  4.005648939086  20.84203851167  
 22.957442522601 1.9610481832684  
 3.0067130888018 21.932788166508  
  23.98238738619 0.9838960392006  
 2.0062338082926 22.976908241022  
 1.0027595937516 23.995040458915  
 15.802741154574 9.2416888211228  
 10.303818236064 14.713381345186  
 7.0094769323365 18.292285798687  
 16.871425476292 8.5679241595662  
 17.827354288083  7.682568087377  
 11.589511507953 13.857751827688  
 18.791199206535 6.7623716256112  
 14.066690216377 11.761213551619  
 6.0027265148586 19.559250356839  
 14.665762565266 10.882932005358  
 19.819502580651 5.8232473408398  
 20.862127449658 4.8699347395004  
 5.0016504943877 20.760886385437  
 21.900091831644 3.9083955326965  
  12.76210521772 13.063732887103  
 22.934620027067 2.9407625114791  
  8.042723173058 18.192958171848  
 4.0070788828792 21.887780400869  
 15.697992020355 10.183643312811  
 23.963312146686 1.9670267495442  
 24.985642176665 0.9868738430232  
 3.0072441111651 22.956757343882  
 2.0048910672567  23.98866846887  
  9.102976571279 16.983382513752  
 13.848652091039 12.527392710152  
 16.756223448621 9.4880507641763  
 10.205402729642 15.888297748118  
 17.794655395953 8.6533070875945  
 7.0087819157938 19.438772297033  
 18.784888945344 7.7308912929403  
 14.813822723632 11.892259218434  
 11.393423952815 14.964826626368  
  19.79316551911 6.7921034476589  
 20.832546201029 5.8426094739362  
  6.004563267668 20.665025254054  
 21.873480482095 4.8846423824841  
  15.65991425904 11.141814532066  
 22.911553689155 3.9201851816081  
 5.0045036672965 21.829353591947  
 23.943689320966 2.9496777920022  
 12.572615561266   14.1389033081  
 4.0082541483799 22.927802754117  
 24.969820220671 1.9729799331312  
 25.988884335038 0.9898460705581  
 3.0062121429739 23.978887061046  
 13.682470627178 13.459230687092  
 16.677272946369 10.426990386943  
 8.0344629622599 19.358514632348  
 9.0841468182713  18.17803990753  
 17.721740145194 9.6128258842265  
   10.1687552374 17.073802710396  
 14.742865652316 12.860001465518  
 18.754492313145 8.7038022323984  
 19.770819025573 7.7633245165036  
 7.0083496296061 20.571664978308  
 11.287188568879 16.091220646113  
 20.805416696411 6.8155728932078  
 21.847256687265 5.8607596092069  
  15.68718887355 12.129992969265  
 6.0064650917653  21.76006173568  
 22.888467855752 4.8994581272977  
 23.923930002541 3.9320570907757  
 5.0070645112497 22.890223894076  
 24.953454289663 2.9586036096529  
 12.434040365415  15.21583542281  
 25.976320241441 1.9789280017151  
 4.0074850571978 23.964767905067  
 26.992063134382 0.9927984572098  
  16.63834214215 11.380655004043  
 13.552312782177 14.460992513561  
 17.660367719165   10.5698211865  
 18.705468802121 9.6733406399792  
 14.620438885286 13.801066390502  
 8.0270549147728 20.508185429436  
 9.0677395489289 19.345604723878  
 19.740790020108 8.7367659689293  
 10.140597397194 18.243360587095  
 20.779235524559 7.7894222499085  
 15.649237184639 13.111120191553  
 21.821593967453 6.8370413326921  
  11.23278200788 17.223727484011  
 7.0083774737023 21.691621673058  
 22.865476447024 5.8786653402818  
 23.904148701413 4.9143113604492  
 6.0083430771072 22.845518395231  
 24.936952718363 3.9439535521555  
 25.963226585792   2.96752538369  
 12.342362332415 16.305442806634  
 16.624854852866 12.352678526349  
 5.0074923467474 23.946418714842  
  26.98274326008 1.9848512824011  
 27.995073549259 0.9956759254988  
 13.451236305796 15.491828768636  
 17.621316784463 11.530702215328  
  18.65941422139 10.641685540857  
 14.524605214021 14.775815349683  
 19.703809460481 9.7099005722524  
 20.750733234876 8.7646045632284  
 9.0520204685347 20.495673065754  
 8.0206308972476 21.643667366826  
 15.573241257911 14.081748316271  
 10.114020536555 19.393124511767  
 21.796113000463 7.8136827991414  
 22.842597719792 6.8580001716641  
 11.193426938044 18.356511432929  
 23.884365775855 5.8965123187088  
 7.0088303380844 22.800739772057  
 24.920429094747 4.9291774964464  
 16.592214788536 13.328659645831  
 25.950001485767 3.9558463431558  
  6.008306395542 23.924492902689  
 26.972934465498 2.9764205941887  
 12.280247611833 17.399593810519  
 27.988952518072 1.9906586742882  
 28.997766758986  0.998289289098  
 17.595497367403 12.500878534311  
 13.372173257984 16.540926975172  
 18.624142844728 11.611202221717  
 14.447971166586 15.773955420799  
 19.667836099855 10.684038955672  
 20.720100469599  9.740545406765  
 15.503713131467 15.056334543314  
 21.770127473434 8.7914314453787  
 22.819730466514 7.8375561367384  
  9.037434052948 21.631923280393  
 10.087537115958 20.529333852864  
 8.0153005897838 22.768420829915  
 23.864577410549 6.8788214277676  
 16.542600951748 14.304233779413  
 11.156735398547 19.479280063942  
 24.903903693707 5.9143477527661  
 25.936754648931 4.9440398802647  
 7.0079763322383 23.902292132659  
 26.963004393191 3.9677111357337  
  27.98243536765 2.9851746974225  
 12.229219578123 18.497330998224  
   17.5667042445 13.475773296177  
 28.994770603638 1.9960156137146  
 13.303656203603 17.596958083513  
 18.597187988688 12.586110288833  
 14.378548718637 16.786174699989  
 19.637467659915  11.66007024377  
 20.690321776411 10.718971190504  
 15.446896140181 16.038932638522  
 21.743802794748 9.7703280301241  
 22.796735165105 8.8181651781702  
 23.844775916182 7.8613052111133  
 16.494547574225 15.282279060981  
 10.062208365725 21.654150730758  
 9.0243623659987 22.759068224672  
 24.887371682508 6.8996100105329  
  11.12070177339 20.593955038904  
 25.923505774904 5.9321793039225  
 8.0097188134486 23.885873048958  
  26.95305277338 4.9588731032487  
 17.532934210772 14.455007147791  
 27.975816730725 3.9794218737152  
  12.18320306419 19.591436888109  
  28.99153870059 2.9933748328182  
 18.573115052428 13.564860943963  
 13.239322785606  18.65960157579  
 19.613639810998 12.640959373277  
 14.298891016648  17.80244062866  
 20.664443649882 11.700116159827  
  15.38905551946 17.022300360082  
 21.718410709914 10.752460016985  
 22.773769112927 9.7999949033642  
 16.454742759596 16.266359048779  
 23.824938831801 8.8447582064223  
 24.870821501962 7.8850187348104  
 25.910250058932 6.9203899340791  
 10.038707793734 22.772192861801  
 17.500455632426 15.439993754262  
 11.085867969099 21.700343169709  
 26.943098288473 5.9499811155464  
 9.0122253177904 23.880467921119  
 27.969176491195 4.9735466126976  
 28.988238813362 3.9905346146945  
 12.140697164083 20.681219163384  
 18.549686410647 14.549225663302  
 13.185963626828 19.724370366587  
 19.595403420546 13.625498597153  
 14.210345440122  18.82801795267  
 20.644874093939  12.68668436469  
 15.292105242352 17.997421718266  
 21.696400422016 11.737796218543  
 22.751691350756 10.785246111033  
 16.419332638489 17.250791825429  
 23.805190518068 9.8293334163824  
 24.854217059812 8.8712566740747  
 17.473944377312 16.440717292233  
  25.89697441927 7.9087140229017  
 26.933137071693 6.9411383440482  
 11.052753976814 22.801927547247  
 10.017347474628 23.886367839931  
 27.962531712594 5.9676214580489  
 28.984920233993 4.9876071410571  
 18.527787089696  15.53945081607  
 12.100309870904 21.764996985957  
 13.142770129887 20.787304839092  
 19.580731689052 14.615851412432  
 14.150695213248 19.864232373328  
 20.632379160779 13.677230966535  
 15.148439175426 18.980927973706  
 21.680894290752 12.729166989426  
 22.732819529039 11.773798590402  
 16.316455635028 18.186075741918  
 23.786221995134 10.817100112219  
 24.837641572658 9.8584217055529  
  17.45339566674 17.470949311321  
 25.883637394624 8.8976952147247  
 26.923156364746 7.9323759218474  
 27.955880260729 6.9617250262133  
 18.509491554087 16.543635232702  
 11.022605359484  23.90092703806  
 28.981596109574 5.9846456554958  
 12.061340137854  22.84489041897  
 13.103068255615 21.844979325005  
 19.568423339096 15.610539219074  
 14.116366542478 20.900520559285  
 15.084903475022  19.99035578808  
 20.625007869915 14.673791950851  
 21.673467929986 13.724966064133  
 16.027486783823 19.103071872708  
 22.720532075112 12.768589324769  
 23.770217944928 11.807892691375  
 24.821677731088 10.848283424552  
 17.446809750773 18.568327172315  
 25.870289137747 9.8873828594381  
 26.913114504119 8.9240919486296  
 27.949211674397 7.9558786248723  
 16.783072295366 19.240312590988  
 18.500078466432 17.564052877179  
 28.978265966385 6.9816966386351  
  12.02558338756 23.922595735969  
 13.063477721848 22.898599123168  
 14.087218485859  21.93063082873  
 19.559777276466 16.614307593734  
 15.072572009545 21.000222360858  
 20.620645013069  15.67384674092  
 15.984873911658 20.081662485315  
 21.672265490728 14.727084294657  
 22.716713227934 13.768021162576  
 23.760561512828 12.804539597844  
 24.808278600326 11.840653024292  
 16.896020578585  20.04527238218  
 25.857395649841 10.879174236563  
 26.903033211704 9.9162974052144  
 27.942489612723 8.9503381364559  
 18.538934021673 18.603243446746  
 28.974924559037 7.9787719672862  
 13.026161177869   23.9497494296  
 14.055283688226  22.95603256764  
 17.775342833367 19.740938928839  
 19.563562042337  17.62476004898  
 15.062251461575 22.002744599201  
 20.619848557079 16.680284869108  
 16.014212298382 21.049170597521  
 21.674731025584 15.732551579068  
 22.719606855149 14.773876148782  
 23.759267362629 13.805612339254  
 24.800554828327 12.838041102598  
 25.846596864657 11.872876466847  
 26.893246021287 10.910001107427  
 27.935718560734 9.9450860014478  
 16.952229227809  20.99140203348  
 28.971546378639 8.9759952473429  
 14.023001983112 23.978654060661  
 19.603645238652  18.64968007054  
 15.043207479148 23.003145391376  
 18.694165923404 19.664614896795  
 16.026610107057 22.029508410205  
 20.628997554314 17.690782959456  
   21.6806262021 16.743014494117  
 17.878360419168 20.834013073029  
 22.726422992347 15.783088966936  
  23.76477400732 14.812796435574  
 24.800447368777 13.839283902289  
 25.840566777882 12.870557936361  
 26.885000516226 11.905021702916  
 27.929108373959 10.940748064198  
 28.968133502756 9.9733386006556  
 16.985197974439 21.984016092745  
  15.01961845506 24.002028575049  
 16.024817681471 23.018956377108  
  19.69391932009 19.691489841182  
  20.66040603786 18.711522013796  
 18.812773381983 20.754035557538  
 21.693528679243 17.756078907509  
 22.736188609662  16.79642373387  
 23.774303726256 15.823231885422  
 24.806658362486 14.845930444453  
 25.841040801848 13.871354568088  
  26.88037989712 12.902933774206  
 27.923495766708 11.937161748144  
 17.935103082054 21.891384511919  
 28.964778595144 10.971071936014  
 17.001345681611 22.990964333505  
 16.014202397846 24.009768168871  
 19.785242747724 20.752738158072  
 20.718442122979 19.742387237921  
 21.719561844248 18.775262744926  
 22.750433063542 17.811413988132  
 23.786510094196 16.837210709032  
 24.816657317253 15.855539781993  
 18.886077505506 21.829774581056  
 25.847007530866 14.876620577507  
 26.880789851882 13.903168064754  
 27.920304055372 12.935388000014  
 17.970688140201 22.937588955464  
 28.961899478347 11.969066024226  
 17.005803744043 23.996888232775  
 20.785821858924 20.787009212449  
 19.858155271871 21.817480702709  
 21.760815114264 19.799984499651  
 22.772187711717 18.829597686738  
 23.801732041818 17.852390600245  
 24.829011254424 16.868231468038  
 25.856318866544 15.884420123781  
 26.885520607604 14.906838774191  
 18.937869921643 22.896711082554  
 27.920528596117 13.935132759652  
 28.960201394559 12.967850181887  
 17.992094776133 23.972219825213  
 20.848906973525 21.837149315346  
 21.810584584559 20.832872283393  
 19.915584992704 22.883178536815  
 23.821221381456 18.869214103583  
 22.802895770232 19.850332357602  
 24.843462774446 17.881965447367  
 25.867639140486 16.894823180915  
 26.892929802807 15.912531309954  
 27.923738404006 14.937238970179  
  18.97509914743 23.951840656886  
 28.960199715114 13.967358950826  
 21.861005151193 21.870313883257  
 20.904344649461 22.891937448864  
 23.845637364927 19.887033083758  
 24.860354542448 18.896727778408  
 22.840013036651 20.875206693296  
 25.880458039326 17.906172009706  
  26.90193701268 16.920293380883  
 19.961650658536 23.943429956682  
 27.928836120244  15.94080545513  
  28.96171108906 14.968109199364  
  24.87988812242 19.911891086588  
  23.87385172241 20.906623571303  
 25.894647901949  18.91832551099  
 21.908491377967 22.912085903206  
 22.879381452382 21.902870192263  
  26.91202827407 17.928861871412  
 20.953314179588 23.946214205561  
 27.935062725582 16.945855337605  
 28.964204140219 15.969686237951  
 24.901564933693 20.927765702882  
 25.910102103638 19.930717815199  
  23.90381074144 21.927591444506  
  26.92294264071 18.938085675128  
  22.91851113957  22.93341065656  
 27.942004475732 17.951519685101  
 21.953458901502  23.95535973942  
 28.967304839591 16.972086721155  
 25.926544124131  20.94344211191  
 24.924467642972 21.944271384948  
 26.934487512353 19.947498797816  
 23.934234859962 22.950137094746  
 27.949407781918 18.957670928039  
 22.957630702519 23.965684629168  
 28.970782689917 17.974850223177  
 25.943598692667 21.956486627015  
   26.9464978245 20.957116638952  
 24.948044364594 22.961611634813  
 27.957088892486  19.96397206357  
 23.965504068057 23.974078748134  
 28.974495477806 18.977894319065  
 26.958827412169 21.966942221955  
 25.961111949958 22.970032666126  
  27.96494674212 20.970416436212  
 24.972679306951 23.979969645175  
 28.978332739676 19.981033685254  
 26.971477830595 22.977146874397  
 27.972929508791 21.977015930542  
 25.979493880896 23.984356496529  
  28.98224095675 20.984257404053  
  27.98108365596 22.983929260297  
 26.984839120506 23.988008662474  
 28.986194090822 21.987574599688  
 27.989756835662 23.991443415012  
 28.990217289358 22.991089531979  
 28.994489076311 23.995031006622  
             0.0            10.0  
 0.6048364772407 9.9840442848431  
 1.2081068416255 9.9348993163857  
 1.8075234366228 9.8508731562333  
 2.4006194313626 9.7306582089388  
 2.9848238737935 9.5734290404408  
 3.5575553313238 9.3789197756152  
 4.1163262715266 9.1474692740316  
 4.6588473891835 8.8800257969598  
  5.183120123347 8.5781086855464  
 5.6875071276293 8.2437312903851  
 6.1707741344228 7.8792952191269  
 6.6321014404987 7.4874693942154  
 7.0710678095223 7.0710678142086  
  7.487469389875 6.6321014453282  
 7.8792952151393 6.1707741393985  
 8.2437312867562 5.6875071327536  
 8.5781086822812 5.1831201286219  
 8.8800257940619 4.6588473946105  
 9.1474692715034 4.1163262771068  
 9.3789197734572 3.5575553370573  
 9.5734290386524 2.9848238796802  
 9.7306582075177 2.4006194374014  
 9.8508731551758 1.8075234428122  
  9.934899315687 1.2081068479635  
 9.9840442844972 0.6048364837248  
            10.0             0.0  
 10.599970004499             0.0  
 11.199940008999             0.0  
 11.799910013498             0.0  
 12.399880017997             0.0  
             0.0 12.399880017997  
             0.0 11.799910013498  
             0.0 11.199940008999  
             0.0 10.599970004499  
 8.6778465278081 8.6905347554676  
 8.1548181249072 8.1815862093565  
 7.5502844621941 7.5588991728674  
 11.353136122485 4.6462349800078  
 10.700056973234 4.3257809743432  
 10.057966256201 3.8184364078125  
 12.083654788464  1.955864239672  
 11.364082457138 1.8880404710667  
 10.618438612122 1.8650889636992  
 11.541949917778 0.9950046366342  
 12.242478815226 0.9952154572083  
  10.70355389799 1.2036632523921  
 10.607496146204 0.6045343455879  
 11.125591798003 0.5278762010944  
 10.973029940735 3.5092296169855  
 11.195420198381 2.6995031575095  
 11.662674483865 3.7659834812346  
 11.912620553584 2.8660352646919  
 10.289948761129 3.2270015817168  
 10.472538502438 2.5462965768191  
 10.559878110238 6.4349262800441  
 10.048687852966 6.1138949789611  
 9.5458310086546 5.8287992884409  
 9.0549447229452 5.5129895660295  
 10.465303693059  5.277599396724  
 11.010753039446   5.55265937384  
  9.368592183638 4.9206100217042  
  9.892708398692 5.1601256283725  
 9.6664861194916  4.342720386706  
 10.091519308882 4.6047300190568  
 8.9091381578465 7.5460093161269  
 9.5183729025422 6.8438758985178  
 9.3451242597727 7.9938126079056  
 9.9849520018875 7.2368833532207  
 8.2538945522739 6.5581550103039  
 8.6260063230322 7.0034034422766  
 7.8626567919665 7.0553208194126  
 8.2170230680321 7.4077288027311  
 8.6816326381846 6.0440690277509  
 9.1091952447278 6.4328889267328  
 4.7482863148318  11.41674584687  
 4.5884130898156 10.859398750683  
 4.5506645969418 10.247775813704  
 4.3473144504506 9.6853485610566  
  7.248020005406 10.006597413225  
 6.8577913641302  9.557687817713  
 6.4427937391076 9.1432813080081  
 6.0519528063837 8.7015784738798  
 7.5410902047418 8.9476871479635  
 7.9923905159258 9.3648438311492  
 6.5622902748464 8.2747611144794  
 7.0042393956017 8.6603795025711  
 7.0490364057518 7.8792118488873  
 7.3974353516987 8.2479171765887  
 5.4017239699488 10.496458634523  
 6.1576845489248 10.062455112062  
 5.6380204691622 11.036202718575  
 6.4744915226268 10.564650521801  
 4.9309927643564 9.4080324425609  
  5.184371544498  9.946608844917  
 5.5093015892134  9.077867987156  
 5.8347298494479 9.5709574894686  
 2.8875249433835  11.91863013465  
 2.7313884623718 11.214510334073  
 2.5468623696474 10.495880343506  
 3.6260352350659 11.015414162064  
 3.8220597213942 11.695097891989  
 3.2070828649358 10.308101707684  
 3.7624968654665 9.9607402597913  
 3.9898667717815 10.417815139459  
 0.9796383513216 11.565669618414  
 1.8763389332734 11.397871666942  
 0.9837885577713  12.25803758025  
 1.9480814104599 12.101758837343  
 1.1880249776197 10.723192459376  
 0.5935716323965 10.616269934692  
 0.5125028304885  11.13865672619  
 1.8576327871203 10.641849387578 
 ENDDATA